9 0.535016 0.006524 -0.051933 0.429222 0.009143 -0.051933 0.549815 -0.014280 0.000000 -1.000000 1 1.495708711e-04
10 0.534958 0.006871 0.150927 0.431872 0.009605 0.150927 0.549815 -0.014263 0.000000 -1.000000 1 5.820300430e-05
11 0.563109 0.089109 0.699703 0.563109 0.089109 0.699703 0.549981 -0.004577 0.000000 -1.000000 1 1.458590850e-04
12 0.625206 0.125569 0.764181 0.625206 0.125569 0.764181 0.548699 -0.037805 0.000000 -1.000000 1 6.155762821e-05
13 0.617915 0.142578 0.657960 0.617915 0.142578 0.657960 0.537551 -0.116355 0.000000 -1.000000 1 6.740307435e-05
14 0.589606 0.201437 0.632816 0.589709 0.201588 0.632816 0.522871 -0.170606 0.000000 -1.000000 1 4.500010982e-05
15 0.603844 0.146889 0.595010 0.627248 0.232736 0.595010 0.501718 -0.225341 0.000000 -1.000000 1 5.514081568e-05
16 0.626208 0.102496 0.656584 0.631389 0.281953 0.656584 0.488568 -0.252590 0.000000 -1.000000 1 2.553970553e-04
17 0.676116 -0.042279 0.481264 0.658690 0.302867 0.560808 0.451218 -0.300000 0.000000 -1.000000 1 2.970108762e-04
18 0.685505 -0.076989 0.504649 0.664845 0.357106 0.566583 0.425185 -0.300000 0.000000 -1.000000 1 5.361679941e-04
19 0.650362 -0.099173 0.429713 0.673240 0.416408 0.484824 0.376277 -0.300000 0.000000 -1.000000 1 4.006531090e-04
20 0.586058 -0.061911 0.434551 0.662251 0.486779 0.475963 0.289902 -0.300000 0.000000 -1.000000 1 9.796675295e-05
21 0.545817 -0.058839 0.422925 0.667794 0.549112 0.440587 0.212045 -0.300000 0.000000 -1.000000 1 2.749911509e-04
22 0.518614 -0.049478 0.494641 0.649204 0.621140 0.494641 0.162522 -0.266570 0.000000 -1.000000 1 3.804583102e-04
23 0.476717 -0.042840 0.443083 0.672543 0.668134 0.443083 0.108288 -0.222304 0.000000 -1.000000 1 3.489633091e-04
24 0.440268 -0.018545 0.496279 0.673992 0.736192 0.496279 0.078108 -0.177718 0.000000 -1.000000 1 4.313769750e-04
25 0.402936 -0.016247 0.438463 0.724014 0.775070 0.438463 0.045242 -0.135584 0.000000 -1.000000 1 1.476928592e-04
26 0.372935 -0.000456 0.463532 0.754916 0.831447 0.463532 0.027454 -0.097624 0.000000 -1.000000 1 4.255678505e-04
27 0.348209 -0.003232 0.392841 0.841851 0.846724 0.392841 0.011850 -0.064762 0.000000 -1.000000 1 4.699816927e-04
28 0.327385 0.001131 0.387663 0.906204 0.872142 0.387663 0.004802 -0.038796 0.000000 -1.000000 1 2.766409889e-04
29 0.309244 -0.000474 0.337894 0.996897 0.876746 0.337894 0.000664 -0.014551 0.000000 -1.000000 1 2.252846025e-04
30 0.293319 -0.001688 0.330905 1.074744 0.882868 0.330905 -0.000000 -0.000000 0.000000 -1.000000 1 2.783779055e-04
31 0.275526 -0.003581 0.300072 1.161030 0.880258 0.300072 -0.000000 -0.000000 0.000000 -1.000000 1 2.150302753e-04
32 0.260483 -0.008149 0.293843 1.245348 0.873286 0.293843 -0.000000 -0.000000 0.000000 -1.000000 1 2.211290412e-04
33 0.244793 -0.013954 0.252743 1.339097 0.849606 0.252743 -0.000000 -0.000000 0.000000 -1.000000 1 2.570371144e-04
34 0.231791 -0.020300 0.249441 1.427286 0.833934 0.249441 -0.000000 -0.000000 0.000000 -1.000000 1 2.112369984e-04
35 0.217616 -0.026921 0.213195 1.521067 0.801857 0.213195 -0.000000 -0.000000 0.000000 -1.000000 1 2.149762586e-04
36 0.206246 -0.032295 0.217555 1.611763 0.787415 0.217555 -0.000000 -0.000000 0.000000 -1.000000 1 2.102130093e-04
37 0.193263 -0.038862 0.182025 1.707186 0.749321 0.182025 -0.000000 -0.000000 0.000000 -1.000000 1 2.146535553e-04
38 0.183433 -0.042863 0.193217 1.799816 0.740304 0.193217 -0.000000 -0.000000 0.000000 -1.000000 1 1.979721710e-04
39 0.171451 -0.048524 0.157458 1.896978 0.698122 0.157458 -0.000000 -0.000000 0.000000 -1.000000 1 1.507489942e-04
40 0.162746 -0.051650 0.170833 1.990744 0.692558 0.170833 -0.000000 -0.000000 0.000000 -1.000000 1 3.591021523e-04
41 0.151789 -0.056625 0.136234 2.088672 0.648068 0.136234 -0.000000 -0.000000 0.000000 -1.000000 1 3.784629516e-04
42 0.144646 -0.058007 0.152510 2.186711 0.649039 0.152510 -0.000000 -0.000000 0.000000 -1.000000 1 3.029201180e-04
43 0.134799 -0.062071 0.115687 2.287550 0.600480 0.115687 -0.000000 -0.000000 0.000000 -1.000000 1 3.095590509e-04
44 0.129059 -0.061816 0.133749 2.389269 0.607998 0.133749 -0.000000 -0.000000 0.000000 -1.000000 1 3.451281227e-04
45 0.120349 -0.064777 0.096598 2.492360 0.557537 0.096598 -0.000000 -0.000000 0.000000 -1.000000 1 1.546582207e-04
46 0.115844 -0.064019 0.113981 2.597310 0.568658 0.113981 -0.000000 -0.000000 0.000000 -1.000000 1 4.293569364e-04
47 0.115136 -0.095642 0.076524 2.702045 0.516245 0.076524 -0.000000 -0.000000 0.000000 -1.000000 1 3.272709437e-04
48 0.127285 -0.155034 0.084699 2.812280 0.521088 0.084699 -0.000000 -0.000000 0.000000 -1.000000 1 6.578862667e-05
49 0.139081 -0.248355 0.005630 2.918234 0.416143 0.005630 -0.000000 -0.000000 0.000000 -1.000000 1 6.462587044e-05
50 0.166832 -0.300008 0.041592 3.030750 0.489305 0.041592 -0.000000 -0.000000 0.000000 -1.000000 1 1.024142839e-04
51 0.150085 -0.300075 -0.125052 3.135322 0.272911 -0.125052 -0.000000 -0.000000 0.000000 -1.000000 1 1.197098754e-04
52 0.205281 -0.299976 0.028265 3.232622 0.580350 0.028265 -0.000000 -0.000000 0.000000 -1.000000 1 1.175040379e-04
53 0.220241 -0.299848 -0.066374 3.333593 0.509480 -0.066374 -0.000000 -0.000000 0.000000 -1.000000 1 1.159566455e-04
54 0.292061 -0.299909 0.085477 3.384947 0.845168 0.085477 -0.000000 -0.000000 0.000000 -1.000000 1 1.152539626e-04
55 0.325739 -0.299987 0.001943 3.459868 0.801351 0.001943 -0.000000 -0.000000 0.000000 -1.000000 1 1.651588827e-04
56 0.431384 -0.279330 0.170977 3.440011 1.199310 0.170977 -0.000000 -0.000000 0.000000 -1.000000 1 2.158898860e-04
57 0.425420 -0.234070 0.143651 3.449303 1.270561 0.143651 -0.000000 -0.000000 0.000000 -1.000000 1 1.262777951e-03
58 0.428167 -0.183160 0.302123 3.343837 1.667672 0.302123 -0.000000 -0.000000 0.000000 -1.000000 1 5.632732064e-04
59 0.397155 -0.193086 0.217699 3.374082 1.650686 0.217699 -0.000000 -0.000000 0.000000 -1.000000 1 3.637722693e-04
60 0.386457 -0.166992 0.281353 3.309306 1.887431 0.281353 -0.000000 -0.000000 0.000000 -1.000000 1 3.091278486e-04
61 0.352130 -0.184001 0.145389 3.391928 1.791321 0.145389 -0.000000 -0.000000 0.000000 -1.000000 1 3.717998043e-04
62 0.335455 -0.172777 0.157391 3.365468 1.935942 0.157391 -0.000000 -0.000000 0.000000 -1.000000 1 4.109689035e-04
63 0.304073 -0.185599 0.046621 3.435797 1.871580 0.046621 -0.000000 -0.000000 0.000000 -1.000000 1 4.274221137e-04
64 0.290177 -0.176263 0.066670 3.412396 2.019552 0.066670 -0.000000 -0.000000 0.000000 -1.000000 1 8.713686839e-05
65 0.264106 -0.183888 -0.013576 3.469387 1.999003 -0.013576 -0.000000 -0.000000 0.000000 -1.000000 1 2.114796080e-04
66 0.255266 -0.173073 0.018412 3.447625 2.164319 0.018412 -0.000000 -0.000000 0.000000 -1.000000 1 2.158540301e-04
67 0.233294 -0.178486 -0.065181 3.527908 2.136201 -0.065181 -0.000000 -0.000000 0.000000 -1.000000 1 2.650627866e-04
68 0.227715 -0.167794 -0.033924 3.514971 2.300891 -0.033924 -0.000000 -0.000000 0.000000 -1.000000 1 2.211658284e-04
69 0.210027 -0.170486 -0.112428 3.604442 2.281202 -0.112428 -0.000000 -0.000000 0.000000 -1.000000 1 2.655219287e-04
70 0.205574 -0.161665 -0.086750 3.596513 2.437907 -0.086750 -0.000000 -0.000000 0.000000 -1.000000 1 2.112467773e-04
71 0.191129 -0.162386 -0.156797 3.683757 2.433706 -0.156797 -0.000791 -0.000940 0.000000 -1.000000 1 2.834550105e-04
72 0.186918 -0.154563 -0.133158 3.672935 2.590365 -0.133158 -0.003930 -0.005015 0.000000 -1.000000 1 6.118807942e-04
73 0.175058 -0.153018 -0.191066 3.748096 2.611581 -0.191066 -0.007115 -0.009000 0.000000 -1.000000 1 2.671997063e-04
74 0.171839 -0.145901 -0.167991 3.728995 2.774451 -0.167991 -0.009697 -0.013273 0.000000 -1.000000 1 3.732950427e-04
75 0.163069 -0.142739 -0.212327 3.784939 2.827201 -0.212327 -0.011927 -0.016540 0.000000 -1.000000 1 3.424170427e-04
76 0.161071 -0.135848 -0.191629 3.758081 2.994753 -0.191629 -0.013515 -0.020447 0.000000 -1.000000 1 5.852351896e-04
77 0.154623 -0.131455 -0.231777 3.803579 3.064633 -0.231777 -0.014543 -0.022599 0.000000 -1.000000 1 3.842869774e-04
78 0.152827 -0.125185 -0.216921 3.767949 3.231527 -0.216921 -0.015545 -0.026529 0.000000 -1.000000 1 7.286490873e-04
79 0.148341 -0.119803 -0.247753 3.788462 3.328322 -0.247753 -0.015750 -0.028224 0.000000 -1.000000 1 4.321727902e-04
80 0.146906 -0.113566 -0.230618 3.726058 3.509225 -0.230618 -0.016137 -0.032426 0.000000 -1.000000 1 8.916463703e-04
81 0.143657 -0.107711 -0.252079 3.713579 3.631722 -0.252079 -0.015784 -0.034264 0.000000 -1.000000 1 1.121928915e-03
82 0.142326 -0.102251 -0.240966 3.635366 3.808918 -0.240966 -0.015562 -0.038624 0.000000 -1.000000 1 4.668170586e-04
83 0.139728 -0.096154 -0.263473 3.603910 3.937656 -0.263473 -0.014566 -0.040051 0.000000 -1.000000 1 4.639802501e-04
84 0.138416 -0.091169 -0.258649 3.508519 4.109399 -0.258649 -0.013654 -0.044364 0.000000 -1.000000 1 9.839488193e-04
85 0.136519 -0.084729 -0.279848 3.450049 4.246474 -0.279848 -0.012022 -0.045387 0.000000 -1.000000 1 7.029147819e-04
86 0.135371 -0.080339 -0.279757 3.332120 4.412126 -0.279757 -0.010425 -0.049857 0.000000 -1.000000 1 6.706272252e-04
87 0.134167 -0.073567 -0.298307 3.239242 4.556015 -0.298307 -0.008169 -0.050581 0.000000 -1.000000 1 8.488572203e-04
88 0.133275 -0.069300 -0.298313 3.085248 4.719037 -0.298313 -0.005648 -0.055045 0.000000 -1.000000 1 6.403396837e-04
89 0.132491 -0.061960 -0.311090 2.945600 4.868593 -0.311090 -0.002673 -0.055444 0.000000 -1.000000 1 1.694308594e-04
90 0.131900 -0.057740 -0.313821 2.758095 5.018432 -0.313821 0.000807 -0.059505 0.000000 -1.000000 1 4.254290834e-04
91 0.131190 -0.050609 -0.332768 2.596621 5.149038 -0.332768 0.004160 -0.059479 0.000000 -1.000000 1 4.196837544e-04
92 0.130631 -0.046047 -0.340987 2.382400 5.276275 -0.340987 0.008434 -0.062514 0.000000 -1.000000 1 4.384689964e-04
93 0.130122 -0.038378 -0.357890 2.178231 5.391840 -0.357890 0.012320 -0.061828 0.000000 -1.000000 1 4.267911427e-04
94 0.129834 -0.032842 -0.365764 1.922287 5.494399 -0.365764 0.017336 -0.063532 0.000000 -1.000000 1 5.750218406e-04
95 0.129451 -0.024589 -0.381194 1.677208 5.582741 -0.381194 0.021612 -0.062111 0.000000 -1.000000 1 6.138258614e-04
96 0.129480 -0.017463 -0.389742 1.384923 5.648243 -0.389742 0.026883 -0.061976 0.000000 -1.000000 1 5.210959353e-04
97 0.129446 -0.008488 -0.407947 1.116079 5.694989 -0.407947 0.031219 -0.059780 0.000000 -1.000000 1 6.701601669e-04
98 0.130222 0.001829 -0.412629 0.781285 5.714248 -0.412629 0.036192 -0.057430 0.000000 -1.000000 1 5.756970495e-04
99 0.131180 0.013110 -0.432773 0.494028 5.709953 -0.432773 0.040244 -0.054299 0.000000 -1.000000 1 7.169800811e-04
100 0.134384 0.030766 -0.433235 0.125767 5.668907 -0.433235 0.043852 -0.049481 0.000000 -1.000000 1 6.019473076e-04
101 0.139146 0.051010 -0.453141 -0.176019 5.604326 -0.453141 0.046755 -0.044993 0.000000 -1.000000 1 7.431809790e-04
102 0.155509 0.099509 -0.445516 -0.576003 5.488685 -0.445516 0.046880 -0.037244 0.000000 -1.000000 1 7.707150653e-04
103 0.198813 0.192343 -0.466504 -0.871923 5.350819 -0.466504 0.048503 -0.032435 0.000000 -1.000000 1 1.079238020e-03
104 0.206698 0.299927 -0.418480 -1.374179 5.111786 -0.418480 0.042596 -0.021737 0.000000 -1.000000 1 1.524057705e-03
105 0.181788 0.299984 -0.467048 -1.576748 4.874953 -0.467048 0.046059 -0.019565 0.000000 -1.000000 1 8.688438684e-04
106 0.127287 0.299910 -0.443510 -1.975271 4.527906 -0.443510 0.033188 -0.010080 0.000000 -1.000000 1 8.807983249e-04
107 0.114988 0.300154 -0.528807 -2.045836 4.231399 -0.528807 0.038430 -0.009492 0.000000 -1.000000 1 5.890950561e-04
108 0.076422 0.299962 -0.551212 -2.256051 3.858638 -0.551212 0.027946 -0.004452 0.000000 -1.000000 1 2.851500176e-04
109 0.058458 0.299992 -0.589350 -2.351485 3.474430 -0.589350 0.033568 -0.002761 0.000000 -1.000000 1 1.731882803e-04
110 0.018791 0.299966 -0.397224 -2.503236 3.040417 -0.397224 0.022427 0.000273 0.000000 -1.000000 1 2.102381550e-04
111 -0.005458 0.299974 -0.546340 -2.548030 2.602631 -0.546340 0.024440 0.002456 0.000000 -1.000000 1 7.698629051e-04
112 -0.047786 0.299978 -0.537313 -2.599998 2.153059 -0.537313 0.011721 0.002343 0.000000 -1.000000 1 1.449022908e-03
113 0.013248 0.003838 0.000000 -2.533021 1.728973 -0.550414 0.013248 0.003838 0.000000 -1.000000 0 2.093480900e-03
114 -0.059405 0.300029 -0.834817 -2.237388 1.670721 -0.834817 0.010126 0.002365 0.000000 -1.000000 1 8.995532990e-04
115 -0.071696 0.299975 -0.941032 -2.095289 1.422540 -0.941032 0.008801 0.002380 0.000000 -1.000000 1 5.236263387e-04
116 -0.143680 0.300076 -0.761046 -2.088169 0.818950 -0.761046 0.000000 0.000000 0.000000 -1.000000 1 5.613788962e-04
117 -0.226351 0.299970 -0.546513 -1.913344 0.206983 -0.546513 0.000000 0.000000 0.000000 -1.000000 1 4.582293332e-04
118 -0.338922 0.300001 -0.388206 -1.651799 -0.275248 -0.388206 0.000000 0.000000 0.000000 -1.000000 1 4.736757837e-04
119 -0.422916 0.300069 -0.364757 -1.295911 -0.600440 -0.364757 0.000000 0.000000 0.000000 -1.000000 1 3.161942586e-04
120 -0.251089 0.099396 -0.278122 -0.889553 -0.898580 -0.278122 0.000000 0.000000 0.000000 -1.000000 1 8.511589840e-05
121 0.094088 -0.120326 -0.326413 -0.461854 -1.092664 -0.326413 0.000000 0.000000 0.000000 -1.000000 1 1.571318135e-04
122 0.278809 -0.259325 -0.513014 -0.172402 -1.260282 -0.513014 0.000000 0.000000 0.000000 -1.000000 1 2.951873466e-05
123 0.266507 -0.276387 -0.706471 -0.033266 -1.340493 -0.706471 0.000000 0.000000 0.000000 -1.000000 1 1.087081619e-04
124 0.281466 -0.258620 -0.643225 0.234488 -1.404027 -0.643225 0.000000 0.000000 0.000000 -1.000000 1 7.262500003e-05
125 0.276173 -0.248118 -0.718503 0.350151 -1.414636 -0.718503 0.000000 0.000000 0.000000 -1.000000 1 1.065251417e-04
126 0.294310 -0.207419 -0.497885 0.646938 -1.376409 -0.497885 0.000000 0.000000 0.000000 -1.000000 1 1.162546687e-04
127 0.291797 -0.188471 -0.503602 0.783683 -1.350503 -0.503602 0.000000 0.000000 0.000000 -1.000000 1 1.217178069e-04
128 0.295718 -0.159376 -0.384034 0.996807 -1.282716 -0.384034 0.000000 0.000000 0.000000 -1.000000 1 8.836714551e-05
129 0.290519 -0.140815 -0.388398 1.116824 -1.242040 -0.388398 0.000000 0.000000 0.000000 -1.000000 1 1.162518747e-04
130 0.287353 -0.117601 -0.316355 1.276660 -1.167367 -0.316355 -0.000000 0.000000 0.000000 -1.000000 1 1.511257142e-04
131 0.279619 -0.100055 -0.329498 1.374775 -1.124662 -0.329498 -0.000000 0.000000 0.000000 -1.000000 1 4.708115011e-05
132 0.272402 -0.081011 -0.280421 1.502613 -1.053423 -0.280421 -0.000000 0.000000 0.000000 -1.000000 1 1.232107170e-04
133 0.263381 -0.063901 -0.286656 1.593557 -1.007197 -0.286656 -0.000000 0.000000 0.000000 -1.000000 1 1.158053055e-04
134 0.253785 -0.047982 -0.249633 1.701651 -0.941280 -0.249633 -0.000000 0.000000 0.000000 -1.000000 1 1.163808629e-04
135 0.243899 -0.031424 -0.244055 1.791269 -0.888834 -0.244055 -0.000000 0.000000 0.000000 -1.000000 1 1.172758639e-04
136 0.232913 -0.018690 -0.216681 1.886197 -0.831378 -0.216681 -0.000000 0.000000 0.000000 -1.000000 1 1.152949408e-04
137 0.222431 -0.003530 -0.202553 1.975646 -0.774715 -0.202553 -0.000000 0.000000 0.000000 -1.000000 1 1.153908670e-04
138 0.210895 0.006339 -0.184539 2.061666 -0.727943 -0.184539 -0.000000 0.000000 0.000000 -1.000000 1 1.161070541e-04
139 0.200344 0.019526 -0.166142 2.152328 -0.670023 -0.166142 -0.000000 0.000000 0.000000 -1.000000 1 2.430099994e-04
140 0.188901 0.027301 -0.150466 2.235584 -0.628572 -0.150466 -0.000000 0.000000 0.000000 -1.000000 1 1.689698547e-04
141 0.178797 0.037334 -0.139020 2.325201 -0.581996 -0.139020 -0.000000 0.000000 0.000000 -1.000000 1 2.103247680e-04
142 0.168038 0.043021 -0.130142 2.406885 -0.551571 -0.130142 -0.000000 0.000000 0.000000 -1.000000 1 1.634578221e-04
143 0.158769 0.050716 -0.119278 2.499227 -0.510206 -0.119278 -0.000000 0.000000 0.000000 -1.000000 1 1.629255712e-04
144 0.148900 0.054739 -0.112010 2.582098 -0.486433 -0.112010 -0.000000 0.000000 0.000000 -1.000000 1 1.690019853e-04
145 0.140805 0.059709 -0.102347 2.678690 -0.452750 -0.102347 -0.000000 0.000000 0.000000 -1.000000 1 4.150904715e-05
146 0.132094 0.062076 -0.095549 2.765097 -0.435176 -0.095549 -0.000000 0.000000 0.000000 -1.000000 1 1.652780920e-04
147 0.125346 0.064718 -0.086720 2.866278 -0.407806 -0.086720 -0.000000 0.000000 0.000000 -1.000000 1 1.152348705e-04
148 0.117853 0.066385 -0.078982 2.956074 -0.393591 -0.078982 -0.000000 0.000000 0.000000 -1.000000 1 1.671100035e-04
149 0.117254 0.099407 -0.069945 3.060088 -0.370850 -0.069945 -0.000000 0.000000 0.000000 -1.000000 1 1.085656695e-04
150 0.123073 0.171342 -0.053547 3.152017 -0.349946 -0.053547 -0.000000 0.000000 0.000000 -1.000000 1 5.455827340e-05
151 0.130632 0.248264 -0.005877 3.265560 -0.279600 -0.005877 -0.000000 0.000000 0.000000 -1.000000 1 1.139841042e-04
152 0.135364 0.300002 0.053769 3.349988 -0.212979 0.053769 -0.000000 0.000000 0.000000 -1.000000 1 1.659952104e-04
153 0.155768 0.300129 0.036010 3.466699 -0.292021 0.036010 -0.000000 0.000000 0.000000 -1.000000 1 2.152579837e-04
154 0.168414 0.300015 0.090484 3.553169 -0.270107 0.090484 -0.000000 0.000000 0.000000 -1.000000 1 2.710609697e-04
155 0.200355 0.299872 0.058050 3.657480 -0.397151 0.058050 -0.000000 0.000000 0.000000 -1.000000 1 2.655931748e-04
156 0.227561 0.300119 0.095598 3.737821 -0.418943 0.095598 -0.000000 0.000000 0.000000 -1.000000 1 3.171251155e-04
157 0.259462 0.299948 0.090094 3.825325 -0.499360 0.090094 -0.000000 0.000000 0.000000 -1.000000 1 3.353348002e-04
158 0.295513 0.299938 0.132321 3.886219 -0.511086 0.132321 -0.000000 0.000000 0.000000 -1.000000 1 4.210849293e-04
159 0.344934 0.299840 0.112658 3.942854 -0.622999 0.112658 -0.000000 0.000000 0.000000 -1.000000 1 3.963289782e-04
160 0.361414 0.299985 0.136999 3.975122 -0.673733 0.136999 -0.000000 0.000000 0.000000 -1.000000 1 1.348657068e-03
161 0.362021 0.299991 0.095634 3.986447 -0.840456 0.095634 -0.000000 0.000000 0.000000 -1.000000 1 1.822509803e-04
162 0.339542 0.299947 0.112204 3.989833 -0.912881 0.112204 -0.000000 0.000000 0.000000 -1.000000 1 2.624969929e-04
163 0.336457 0.282823 0.041593 3.972118 -1.158046 0.041593 -0.000000 0.000000 0.000000 -1.000000 1 9.842077270e-04
164 0.315136 0.279832 0.062671 3.975950 -1.238937 0.062671 -0.000000 0.000000 0.000000 -1.000000 1 6.364067085e-04
165 0.311640 0.260567 0.010592 3.961879 -1.466279 0.010592 -0.000000 0.000000 0.000000 -1.000000 1 4.284819588e-04
166 0.292706 0.255088 0.043848 3.979116 -1.540708 0.043848 -0.000000 0.000000 0.000000 -1.000000 1 4.726410843e-04
167 0.286787 0.239374 0.020619 3.978569 -1.721753 0.020619 -0.000000 0.000000 0.000000 -1.000000 1 4.081730731e-04
168 0.268879 0.234096 0.066436 4.009856 -1.779264 0.066436 -0.000000 0.000000 0.000000 -1.000000 1 4.070312716e-04
169 0.261564 0.222008 0.062556 4.020896 -1.925471 0.062556 -0.000000 0.000000 0.000000 -1.000000 1 4.078550264e-04
170 0.245769 0.215812 0.103750 4.051317 -1.993861 0.103750 -0.002939 0.003442 0.000000 -1.000000 1 4.838318564e-04
171 0.238776 0.204912 0.103122 4.062235 -2.136675 0.103122 -0.004789 0.005860 0.000000 -1.000000 1 5.787801929e-04
172 0.225794 0.197832 0.138775 4.090382 -2.219915 0.138775 -0.007464 0.009231 0.000000 -1.000000 1 4.682918079e-04
173 0.219581 0.188390 0.141423 4.100675 -2.359079 0.141423 -0.009293 0.012062 0.000000 -1.000000 1 6.368514150e-04
174 0.209210 0.180949 0.172268 4.123813 -2.455353 0.172268 -0.011284 0.014992 0.000000 -1.000000 1 7.440890186e-04
175 0.203896 0.172484 0.175816 4.126972 -2.597781 0.175816 -0.012950 0.018201 0.000000 -1.000000 1 3.096307628e-04
176 0.195703 0.164743 0.201038 4.139339 -2.711155 0.201038 -0.014318 0.020907 0.000000 -1.000000 1 4.791016690e-04
177 0.190835 0.157631 0.207788 4.136391 -2.852752 0.207788 -0.015902 0.024739 0.000000 -1.000000 1 5.621239543e-04
178 0.184489 0.149627 0.229302 4.135660 -2.980331 0.229302 -0.016514 0.027090 0.000000 -1.000000 1 3.761597909e-04
179 0.179599 0.144160 0.243714 4.128260 -3.113278 0.243714 -0.017987 0.031563 0.000000 -1.000000 1 6.091669202e-04
180 0.174837 0.135880 0.258696 4.105342 -3.261521 0.258696 -0.017938 0.033909 0.000000 -1.000000 1 6.576348096e-04
181 0.170889 0.130737 0.264710 4.065470 -3.418583 0.264710 -0.018954 0.039393 0.000000 -1.000000 1 5.427738652e-04
182 0.167572 0.122139 0.271443 4.009205 -3.590311 0.271443 -0.018085 0.041791 0.000000 -1.000000 1 4.013618454e-04
183 0.164251 0.117036 0.278743 3.946302 -3.752999 0.278743 -0.018064 0.047084 0.000000 -1.000000 1 5.414797924e-04
184 0.161754 0.108081 0.284436 3.862525 -3.932910 0.284436 -0.016259 0.048887 0.000000 -1.000000 1 3.851316869e-04
185 0.159131 0.102220 0.290985 3.769184 -4.104276 0.290985 -0.014972 0.053321 0.000000 -1.000000 1 3.686137497e-04
186 0.157338 0.092410 0.296457 3.656226 -4.288838 0.296457 -0.012241 0.053888 0.000000 -1.000000 1 4.432001151e-04
187 0.155120 0.086159 0.301623 3.525851 -4.463991 0.301623 -0.009935 0.057776 0.000000 -1.000000 1 1.126103103e-03
188 0.153394 0.076099 0.309014 3.382711 -4.643307 0.309014 -0.006685 0.057481 0.000000 -1.000000 1 1.474456862e-03
189 0.151370 0.069433 0.312073 3.207124 -4.816924 0.312073 -0.003432 0.060680 0.000000 -1.000000 1 8.207107894e-04
190 0.149193 0.060074 0.329593 3.050707 -4.971657 0.329593 -0.000105 0.059814 0.000000 -1.000000 1 6.770947948e-04
191 0.146874 0.053479 0.335585 2.840876 -5.127887 0.335585 0.003829 0.062273 0.000000 -1.000000 1 7.924777456e-04
192 0.144603 0.044329 0.357350 2.658614 -5.262506 0.357350 0.007291 0.060798 0.000000 -1.000000 1 6.692600437e-04
193 0.142255 0.036652 0.354984 2.383115 -5.407714 0.354984 0.012041 0.061957 0.000000 -1.000000 1 1.036299858e-03
194 0.139799 0.028491 0.385246 2.187280 -5.508639 0.385246 0.015463 0.060346 0.000000 -1.000000 1 7.192869671e-04
195 0.136990 0.019141 0.373145 1.842461 -5.629365 0.373145 0.020601 0.059462 0.000000 -1.000000 1 1.071806066e-03
196 0.133987 0.011202 0.415779 1.646853 -5.688978 0.415779 0.023440 0.056812 0.000000 -1.000000 1 1.948689111e-03
197 0.130076 -0.000300 0.395723 1.240934 -5.767625 0.395723 0.027918 0.053254 0.000000 -1.000000 1 1.541701611e-03
198 0.127736 -0.006443 0.454529 1.067683 -5.778482 0.454529 0.030618 0.051403 0.000000 -1.000000 1 6.861882284e-04
199 0.122920 -0.020401 0.421200 0.595533 -5.800479 0.421200 0.034041 0.045741 0.000000 -1.000000 1 6.301067770e-04
200 0.122779 -0.025007 0.495147 0.451700 -5.760816 0.495147 0.037549 0.045427 0.000000 -1.000000 1 4.540761001e-04
201 0.117364 -0.043173 0.449325 -0.068209 -5.707274 0.449325 0.039222 0.037836 0.000000 -1.000000 1 7.857000455e-04
202 0.121483 -0.049638 0.539007 -0.171634 -5.620206 0.539007 0.043936 0.038608 0.000000 -1.000000 1 8.649020456e-04
203 0.117357 -0.081362 0.469845 -0.750305 -5.473885 0.469845 0.042897 0.028954 0.000000 -1.000000 1 9.361202829e-04
204 0.134362 -0.109457 0.570315 -0.819958 -5.339930 0.570315 0.048844 0.029961 0.000000 -1.000000 1 6.280899979e-04
205 0.159961 -0.255522 0.465798 -1.458681 -5.067116 0.465798 0.043068 0.018379 0.000000 -1.000000 1 9.326571599e-04
206 0.178334 -0.300073 0.607772 -1.405774 -4.900141 0.607772 0.050670 0.020190 0.000000 -1.000000 1 1.268049236e-03
207 0.093063 -0.300048 0.409291 -2.201151 -4.404000 0.409291 0.035775 0.006678 0.000000 -1.000000 1 1.328848768e-03
208 0.078872 -0.300060 0.419941 -2.374482 -4.021551 0.419941 0.049939 0.004735 0.000000 -1.000000 1 1.272796188e-03
209 0.025547 -0.299928 0.327169 -2.742889 -3.507738 0.327169 0.039498 -0.001844 0.000000 -1.000000 1 7.407148369e-04
