9 0.534986 0.006491 -0.051933 0.429222 0.009143 -0.051933 0.549815 -0.014280 0.000000 -1.000000 1
10 0.534955 0.006824 0.150927 0.431872 0.009605 0.150927 0.549815 -0.014263 0.000000 -1.000000 1
11 0.563110 0.089107 0.699690 0.563110 0.089107 0.699690 0.549981 -0.004580 0.000000 -1.000000 1
12 0.625215 0.125566 0.764165 0.625215 0.125566 0.764165 0.548699 -0.037810 0.000000 -1.000000 1
13 0.617929 0.142574 0.657939 0.617929 0.142574 0.657939 0.537550 -0.116360 0.000000 -1.000000 1
14 0.589717 0.201593 0.632804 0.589717 0.201592 0.632804 0.522870 -0.170609 0.000000 -1.000000 1
15 0.639892 0.227084 0.595076 0.627248 0.232761 0.595076 0.501726 -0.225325 0.000000 -1.000000 1
16 0.695615 0.243674 0.664013 0.626888 0.278820 0.664013 0.489502 -0.250773 0.000000 -1.000000 1
17 0.830398 0.168589 0.567884 0.654210 0.287365 0.591251 0.455953 -0.300000 0.000000 -1.000000 1
18 0.810122 0.193786 0.646469 0.623546 0.330954 0.674076 0.443313 -0.300000 0.000000 -1.000000 1
19 0.851359 0.113954 0.524462 0.584595 0.368341 0.575215 0.394750 -0.300000 0.000000 -1.000000 1
20 0.782398 0.139265 0.617033 0.484017 0.449867 0.640639 0.310044 -0.300000 0.000000 -1.000000 1
21 0.742557 0.115870 0.568387 0.442282 0.506356 0.568387 0.219950 -0.286034 0.000000 -1.000000 1
22 0.682870 0.129182 0.602994 0.369995 0.584847 0.602994 0.158534 -0.230894 0.000000 -1.000000 1
23 0.663420 0.107213 0.499112 0.382660 0.644486 0.499112 0.098180 -0.187988 0.000000 -1.000000 1
24 0.618839 0.114250 0.529762 0.344708 0.710674 0.529762 0.064536 -0.140409 0.000000 -1.000000 1
25 0.601436 0.084545 0.423780 0.383150 0.754602 0.423780 0.032745 -0.100584 0.000000 -1.000000 1
26 0.562351 0.075259 0.418499 0.375767 0.800524 0.418499 0.016711 -0.065006 0.000000 -1.000000 1
27 0.538964 0.045531 0.326826 0.421745 0.831180 0.326826 0.005074 -0.034042 0.000000 -1.000000 1
28 0.498848 0.036459 0.329165 0.420315 0.869006 0.329165 0.000982 -0.010426 0.000000 -1.000000 1
29 0.476474 0.014200 0.271566 0.465620 0.893316 0.271566 0.000000 -0.000000 0.000000 -1.000000 1
30 0.440899 0.004280 0.281508 0.471079 0.921697 0.281508 -0.000000 -0.000000 0.000000 -1.000000 1
31 0.414101 -0.011571 0.245471 0.508987 0.948064 0.245471 -0.000000 -0.000000 0.000000 -1.000000 1
32 0.382659 -0.020915 0.256657 0.525600 0.975018 0.256657 -0.000000 -0.000000 0.000000 -1.000000 1
33 0.350444 -0.031825 0.227713 0.570669 1.002528 0.227713 -0.000000 -0.000000 0.000000 -1.000000 1
34 0.322532 -0.039346 0.238789 0.606280 1.029096 0.238789 -0.000000 -0.000000 0.000000 -1.000000 1
35 0.300459 -0.047849 0.211776 0.665966 1.057628 0.211776 -0.000000 -0.000000 0.000000 -1.000000 1
36 0.285147 -0.056207 0.218520 0.723315 1.083132 0.218520 -0.000000 -0.000000 0.000000 -1.000000 1
37 0.279059 -0.070111 0.184072 0.798899 1.104115 0.184072 -0.000000 -0.000000 0.000000 -1.000000 1
38 0.285897 -0.085139 0.195743 0.867046 1.129577 0.195743 -0.000000 -0.000000 0.000000 -1.000000 1
39 0.327738 -0.125054 0.149304 0.951537 1.142815 0.149304 -0.000000 -0.000000 0.000000 -1.000000 1
40 0.346609 -0.147459 0.168180 1.011030 1.174717 0.168180 -0.000000 -0.000000 0.000000 -1.000000 1
41 0.307750 -0.157008 0.101948 1.084162 1.183310 0.101948 -0.000000 -0.000000 0.000000 -1.000000 1
42 0.299670 -0.149473 0.179963 1.093734 1.268400 0.179963 -0.000000 -0.000000 0.000000 -1.000000 1
43 0.256531 -0.147663 0.124688 1.160749 1.291758 0.124688 -0.000000 -0.000000 0.000000 -1.000000 1
44 0.254287 -0.138400 0.200713 1.178527 1.390260 0.200713 -0.000000 -0.000000 0.000000 -1.000000 1
45 0.224093 -0.137623 0.141461 1.267991 1.412714 0.141461 -0.000000 -0.000000 0.000000 -1.000000 1
46 0.230066 -0.136633 0.188316 1.315192 1.495575 0.188316 -0.000000 -0.000000 0.000000 -1.000000 1
47 0.208291 -0.140613 0.113408 1.429935 1.499919 0.113408 -0.000000 -0.000000 0.000000 -1.000000 1
48 0.219745 -0.145248 0.151606 1.488354 1.575650 0.151606 -0.000000 -0.000000 0.000000 -1.000000 1
49 0.201257 -0.151296 0.076486 1.609055 1.570066 0.076486 -0.000000 -0.000000 0.000000 -1.000000 1
50 0.215264 -0.157705 0.118384 1.664656 1.650544 0.118384 -0.000000 -0.000000 0.000000 -1.000000 1
51 0.197177 -0.163846 0.043464 1.786989 1.638756 0.043464 -0.000000 -0.000000 0.000000 -1.000000 1
52 0.212560 -0.169520 0.093633 1.833096 1.732200 0.093633 -0.000000 -0.000000 0.000000 -1.000000 1
53 0.193652 -0.174681 0.015590 1.958518 1.714711 0.015590 -0.000000 -0.000000 0.000000 -1.000000 1
54 0.210182 -0.179430 0.070453 1.996547 1.820761 0.070453 -0.000000 -0.000000 0.000000 -1.000000 1
55 0.190908 -0.183774 -0.010764 2.125047 1.798166 -0.010764 -0.000000 -0.000000 0.000000 -1.000000 1
56 0.208235 -0.187606 0.047682 2.153943 1.917399 0.047682 -0.000000 -0.000000 0.000000 -1.000000 1
57 0.189073 -0.191385 -0.036784 2.285759 1.890247 -0.036784 -0.000478 -0.000474 0.000000 -1.000000 1
58 0.207654 -0.196116 0.019379 2.310127 2.015565 0.019379 -0.000000 -0.000000 0.000000 -1.000000 1
59 0.189056 -0.200527 -0.069591 2.446162 1.981567 -0.069591 -0.002472 -0.002390 0.000000 -1.000000 1
60 0.208893 -0.206154 -0.014375 2.463610 2.114313 -0.014375 -0.001602 -0.001650 0.000000 -1.000000 1
61 0.191531 -0.211847 -0.106106 2.601570 2.075472 -0.106106 -0.005006 -0.004751 0.000000 -1.000000 1
62 0.213815 -0.218742 -0.047923 2.606815 2.220611 -0.047923 -0.004506 -0.004594 0.000000 -1.000000 1
63 0.197052 -0.225395 -0.143014 2.746628 2.177380 -0.143014 -0.008133 -0.007664 0.000000 -1.000000 1
64 0.221807 -0.232693 -0.081014 2.736311 2.338142 -0.081014 -0.007863 -0.008040 0.000000 -1.000000 1
65 0.204934 -0.239509 -0.179516 2.876857 2.292570 -0.179516 -0.011611 -0.011004 0.000000 -1.000000 1
66 0.231746 -0.246647 -0.114244 2.848295 2.469222 -0.114244 -0.011681 -0.012124 0.000000 -1.000000 1
67 0.214794 -0.253580 -0.215716 2.988168 2.423479 -0.215716 -0.015516 -0.014977 0.000000 -1.000000 1
68 0.243850 -0.259819 -0.145805 2.936570 2.618730 -0.145805 -0.015824 -0.016916 0.000000 -1.000000 1
69 0.227556 -0.267091 -0.248164 3.072488 2.577073 -0.248164 -0.019736 -0.019731 0.000000 -1.000000 1
70 0.237043 -0.248685 -0.164920 2.984723 2.805084 -0.164920 -0.019305 -0.021811 0.000000 -1.000000 1
71 0.210063 -0.243204 -0.271512 3.124352 2.764883 -0.271512 -0.022382 -0.023704 0.000000 -1.000000 1
72 0.211382 -0.221371 -0.194512 3.023979 2.990969 -0.194512 -0.022157 -0.026555 0.000000 -1.000000 1
73 0.192901 -0.214603 -0.274521 3.128938 2.993362 -0.274521 -0.024002 -0.027884 0.000000 -1.000000 1
74 0.193560 -0.197894 -0.215044 3.036848 3.194623 -0.215044 -0.023860 -0.031096 0.000000 -1.000000 1
75 0.182767 -0.191860 -0.274661 3.109877 3.230250 -0.274661 -0.024717 -0.032118 0.000000 -1.000000 1
76 0.184445 -0.179184 -0.231753 3.026135 3.409608 -0.231753 -0.024262 -0.035152 0.000000 -1.000000 1
77 0.180883 -0.175899 -0.288557 3.088904 3.454494 -0.288557 -0.024236 -0.035410 0.000000 -1.000000 1
78 0.185584 -0.166490 -0.248071 2.985546 3.632940 -0.248071 -0.023897 -0.039365 0.000000 -1.000000 1
79 0.192617 -0.166902 -0.288380 3.005215 3.706199 -0.288380 -0.023596 -0.040338 0.000000 -1.000000 1
80 0.206748 -0.163218 -0.257361 2.890746 3.872556 -0.257361 -0.023118 -0.044935 0.000000 -1.000000 1
81 0.239096 -0.174337 -0.302178 2.896975 3.945633 -0.302178 -0.022545 -0.045882 0.000000 -1.000000 1
82 0.298285 -0.188724 -0.282753 2.768525 4.096214 -0.282753 -0.022159 -0.051846 0.000000 -1.000000 1
83 0.589425 -0.299883 -0.332378 2.745817 4.171557 -0.332378 -0.021409 -0.053096 0.000000 -1.000000 1
84 0.629679 -0.299978 -0.359767 2.647475 4.260973 -0.359767 -0.022733 -0.062444 0.000000 -1.000000 1
85 0.621948 -0.300038 -0.448109 2.573690 4.307464 -0.448109 -0.024685 -0.069113 0.000000 -1.000000 1
86 0.841396 -0.274211 -0.324676 1.977405 4.608792 -0.324676 -0.017317 -0.074434 0.000000 -1.000000 1
87 0.751230 -0.199060 -0.294755 1.543564 4.763160 -0.294755 -0.012318 -0.077143 0.000000 -1.000000 1
88 0.681378 -0.126191 -0.219874 0.997810 4.886954 -0.219874 -0.005230 -0.082855 0.000000 -1.000000 1
89 0.580111 -0.112316 -0.311912 0.823812 4.899317 -0.311912 -0.004080 -0.083911 0.000000 -1.000000 1
90 0.530434 -0.070955 -0.287617 0.397115 4.929016 -0.287617 0.002268 -0.085042 0.000000 -1.000000 1
91 0.473992 -0.051912 -0.346612 0.160811 4.920205 -0.346612 0.005130 -0.081448 0.000000 -1.000000 1
92 0.444505 -0.021028 -0.326697 -0.251480 4.872613 -0.326697 0.011745 -0.082598 0.000000 -1.000000 1
93 0.421541 0.004525 -0.349324 -0.556729 4.806088 -0.349324 0.015916 -0.078129 0.000000 -1.000000 1
94 0.406204 0.026324 -0.361571 -0.876597 4.688756 -0.361571 0.021848 -0.079413 0.000000 -1.000000 1
95 0.396944 0.056199 -0.372500 -1.189313 4.551805 -0.372500 0.026313 -0.074575 0.000000 -1.000000 1
96 0.375528 0.074483 -0.389638 -1.486234 4.365840 -0.389638 0.032291 -0.074431 0.000000 -1.000000 1
97 0.360623 0.103227 -0.400437 -1.776968 4.159205 -0.400437 0.035820 -0.067967 0.000000 -1.000000 1
98 0.326143 0.114275 -0.423670 -2.038523 3.912887 -0.423670 0.039817 -0.063962 0.000000 -1.000000 1
99 0.300853 0.131885 -0.453499 -2.257352 3.659192 -0.453499 0.041024 -0.056567 0.000000 -1.000000 1
100 0.256405 0.132298 -0.479732 -2.473325 3.360529 -0.479732 0.041671 -0.049282 0.000000 -1.000000 1
101 0.228465 0.134439 -0.535902 -2.594619 3.085354 -0.535902 0.042031 -0.043938 0.000000 -1.000000 1
102 0.177861 0.122716 -0.534954 -2.790290 2.705298 -0.534954 0.040469 -0.035214 0.000000 -1.000000 1
103 0.147232 0.103790 -0.582370 -2.854227 2.373165 -0.582370 0.043762 -0.033086 0.000000 -1.000000 1
104 0.102799 0.074817 -0.574784 -2.961389 1.953433 -0.574784 0.041392 -0.025378 0.000000 -1.000000 1
105 0.077869 0.041524 -0.609083 -2.955213 1.592510 -0.609083 0.044911 -0.022966 0.000000 -1.000000 1
106 0.048146 0.001073 -0.598811 -2.956495 1.175099 -0.598811 0.041416 -0.016184 0.000000 -1.000000 1
107 0.035620 -0.040725 -0.623620 -2.869237 0.824665 -0.623620 0.043882 -0.013073 0.000000 -1.000000 1
108 0.024619 -0.088235 -0.612853 -2.769403 0.445572 -0.612853 0.040037 -0.007650 0.000000 -1.000000 1
109 0.028024 -0.135573 -0.622665 -2.609738 0.125673 -0.622665 0.041048 -0.004065 0.000000 -1.000000 1
110 0.037161 -0.188182 -0.422093 -2.429150 -0.187615 -0.422093 0.037227 -0.000010 0.000000 -1.000000 1
111 0.052091 -0.237673 -0.606325 -2.225765 -0.397865 -0.606325 0.035242 0.002476 0.000000 -1.000000 1
112 0.082500 -0.288792 -0.611793 -1.994674 -0.624370 -0.611793 0.034996 0.005651 0.000000 -1.000000 1
113 0.105760 -0.299917 -0.644631 -1.769269 -0.786358 -0.644631 0.032113 0.007686 0.000000 -1.000000 1
114 0.149213 -0.300010 -0.566085 -1.477332 -1.018269 -0.566085 0.030563 0.011638 0.000000 -1.000000 1
115 0.165702 -0.299998 -0.628410 -1.267104 -1.090772 -0.628410 0.026292 0.011756 0.000000 -1.000000 1
116 0.211040 -0.299994 -0.527509 -0.960653 -1.263401 -0.527509 0.017581 0.010942 0.000000 -1.000000 1
117 0.224602 -0.299963 -0.594788 -0.772491 -1.297786 -0.594788 0.011106 0.007708 0.000000 -1.000000 1
118 0.268555 -0.300079 -0.516275 -0.490246 -1.392688 -0.516275 0.000791 0.000704 0.000000 -1.000000 1
119 0.278323 -0.300055 -0.589139 -0.334018 -1.403854 -0.589139 0.000000 0.000000 0.000000 -1.000000 1
120 0.328082 -0.299870 -0.514883 -0.077098 -1.445541 -0.514883 0.000000 0.000000 0.000000 -1.000000 1
121 0.339882 -0.300107 -0.583063 0.051950 -1.442746 -0.583063 0.000000 0.000000 0.000000 -1.000000 1
122 0.404913 -0.299890 -0.507153 0.278503 -1.444105 -0.507153 0.000000 0.000000 0.000000 -1.000000 1
123 0.421116 -0.299982 -0.573780 0.373033 -1.430740 -0.573780 0.000000 0.000000 0.000000 -1.000000 1
124 0.561921 -0.299989 -0.493370 0.561853 -1.403474 -0.493370 0.000000 0.000000 0.000000 -1.000000 1
125 0.620727 -0.300006 -0.545870 0.620765 -1.380915 -0.545870 0.000000 0.000000 0.000000 -1.000000 1
126 0.705552 -0.295909 -0.473659 0.738079 -1.342334 -0.473659 0.000000 0.000000 0.000000 -1.000000 1
127 0.660409 -0.269935 -0.517524 0.720392 -1.327379 -0.517524 0.000000 0.000000 0.000000 -1.000000 1
128 0.637067 -0.174712 -0.322362 0.838945 -1.233932 -0.322362 0.000000 0.000000 0.000000 -1.000000 1
129 0.587654 -0.144545 -0.319923 0.817524 -1.214149 -0.319923 0.000000 0.000000 0.000000 -1.000000 1
130 0.557136 -0.081234 -0.192021 0.922690 -1.140366 -0.192021 -0.000000 0.000000 0.000000 -1.000000 1
131 0.513499 -0.068377 -0.257343 0.900938 -1.138157 -0.257343 -0.000000 0.000000 0.000000 -1.000000 1
132 0.473661 -0.035941 -0.203612 0.940327 -1.107965 -0.203612 -0.000000 0.000000 0.000000 -1.000000 1
133 0.432178 -0.020190 -0.223980 0.934918 -1.106916 -0.223980 -0.000000 0.000000 0.000000 -1.000000 1
134 0.396867 0.000257 -0.191689 0.974467 -1.095235 -0.191689 -0.000000 0.000000 0.000000 -1.000000 1
135 0.363190 0.015748 -0.202491 0.992860 -1.093507 -0.202491 -0.000000 0.000000 0.000000 -1.000000 1
136 0.335177 0.028347 -0.192832 1.029878 -1.099348 -0.192832 -0.000000 0.000000 0.000000 -1.000000 1
137 0.311811 0.044714 -0.183608 1.078279 -1.094257 -0.183608 -0.000000 0.000000 0.000000 -1.000000 1
138 0.297070 0.057007 -0.174614 1.127635 -1.107184 -0.174614 -0.000000 0.000000 0.000000 -1.000000 1
139 0.290123 0.077200 -0.158300 1.195921 -1.102040 -0.158300 -0.000000 0.000000 0.000000 -1.000000 1
140 0.304836 0.102484 -0.149338 1.252031 -1.119158 -0.149338 -0.000000 0.000000 0.000000 -1.000000 1
141 0.347461 0.153111 -0.119742 1.331667 -1.109449 -0.119742 -0.000000 0.000000 0.000000 -1.000000 1
142 0.493896 0.267419 -0.101654 1.381511 -1.133700 -0.101654 -0.000000 0.000000 0.000000 -1.000000 1
143 0.457330 0.292947 -0.030619 1.464163 -1.108934 -0.030619 -0.000000 0.000000 0.000000 -1.000000 1
144 0.374658 0.267235 0.010161 1.482773 -1.148168 0.010161 -0.000000 0.000000 0.000000 -1.000000 1
145 0.320975 0.223828 -0.088885 1.427056 -1.280894 -0.088885 -0.000000 0.000000 0.000000 -1.000000 1
146 0.249039 0.187272 -0.109302 1.408717 -1.366340 -0.109302 -0.000682 0.000914 0.000000 -1.000000 1
147 0.228494 0.160539 -0.183598 1.409242 -1.493897 -0.183598 -0.000000 0.000000 0.000000 -1.000000 1
148 0.192919 0.140385 -0.177918 1.455074 -1.565744 -0.177918 -0.000000 0.000000 0.000000 -1.000000 1
149 0.191959 0.136639 -0.178877 1.534689 -1.633028 -0.178877 -0.000000 0.000000 0.000000 -1.000000 1
150 0.177626 0.131011 -0.153117 1.620547 -1.678941 -0.153117 -0.000000 0.000000 0.000000 -1.000000 1
151 0.185027 0.140752 -0.125858 1.730965 -1.708727 -0.125858 -0.000000 0.000000 0.000000 -1.000000 1
152 0.176363 0.142099 -0.093309 1.827370 -1.738382 -0.093309 -0.000000 0.000000 0.000000 -1.000000 1
153 0.186712 0.156666 -0.069919 1.935251 -1.763295 -0.069919 -0.000000 0.000000 0.000000 -1.000000 1
154 0.178597 0.158844 -0.042869 2.024143 -1.793599 -0.042869 -0.000000 0.000000 0.000000 -1.000000 1
155 0.189320 0.173227 -0.029461 2.119699 -1.827478 -0.029461 -0.000000 0.000000 0.000000 -1.000000 1
156 0.179894 0.174420 -0.002779 2.204030 -1.859856 -0.002779 -0.000000 0.000000 0.000000 -1.000000 1
157 0.191856 0.188361 0.002396 2.289000 -1.906009 0.002396 -0.000000 0.000000 0.000000 -1.000000 1
158 0.181798 0.187951 0.029887 2.370001 -1.941874 0.029887 -0.000587 0.000572 0.000000 -1.000000 1
159 0.193831 0.200386 0.031694 2.446127 -1.998095 0.031694 -0.000907 0.000885 0.000000 -1.000000 1
160 0.183814 0.199136 0.059523 2.522344 -2.038146 0.059523 -0.003493 0.003342 0.000000 -1.000000 1
161 0.196476 0.210156 0.056995 2.587846 -2.107814 0.056995 -0.003729 0.003615 0.000000 -1.000000 1
162 0.187320 0.208552 0.085246 2.659782 -2.153621 0.085246 -0.006230 0.005951 0.000000 -1.000000 1
163 0.202229 0.220613 0.082424 2.718433 -2.230383 0.082424 -0.006486 0.006319 0.000000 -1.000000 1
164 0.194076 0.219245 0.114092 2.788147 -2.277814 0.114092 -0.008807 0.008478 0.000000 -1.000000 1
165 0.210086 0.230816 0.110456 2.835799 -2.364345 0.110456 -0.009141 0.009035 0.000000 -1.000000 1
166 0.202661 0.229224 0.143126 2.899218 -2.418153 0.143126 -0.011401 0.011194 0.000000 -1.000000 1
167 0.220657 0.241112 0.137641 2.933902 -2.515947 0.137641 -0.011960 0.012156 0.000000 -1.000000 1
168 0.214941 0.240391 0.172967 2.991682 -2.573654 0.172967 -0.014132 0.014322 0.000000 -1.000000 1
169 0.235122 0.252342 0.166750 3.011324 -2.681471 0.166750 -0.014907 0.015754 0.000000 -1.000000 1
170 0.226404 0.247969 0.204071 3.060205 -2.744393 0.204071 -0.017018 0.018016 0.000000 -1.000000 1
171 0.218798 0.231831 0.191503 3.054203 -2.871560 0.191503 -0.018033 0.020176 0.000000 -1.000000 1
172 0.202956 0.219171 0.226674 3.091393 -2.944111 0.226674 -0.019734 0.022323 0.000000 -1.000000 1
173 0.198284 0.205010 0.202965 3.055366 -3.091257 0.202965 -0.020716 0.025243 0.000000 -1.000000 1
174 0.188177 0.194414 0.226757 3.070116 -3.181619 0.226757 -0.021729 0.027289 0.000000 -1.000000 1
175 0.185928 0.183886 0.213764 3.037200 -3.315779 0.213764 -0.022116 0.029867 0.000000 -1.000000 1
176 0.182740 0.176928 0.234838 3.039728 -3.413221 0.234838 -0.022289 0.031395 0.000000 -1.000000 1
177 0.184320 0.171852 0.237106 3.017048 -3.526700 0.237106 -0.022800 0.034354 0.000000 -1.000000 1
178 0.191504 0.170373 0.257630 3.005190 -3.628124 0.257630 -0.022474 0.035718 0.000000 -1.000000 1
179 0.201933 0.172115 0.269645 2.978317 -3.729541 0.269645 -0.023402 0.039856 0.000000 -1.000000 1
180 0.237170 0.184086 0.288885 2.942847 -3.837760 0.288885 -0.022793 0.041557 0.000000 -1.000000 1
181 0.297065 0.210263 0.308811 2.903170 -3.931962 0.308811 -0.023882 0.046955 0.000000 -1.000000 1
182 0.509369 0.299972 0.337174 2.847282 -4.037682 0.337174 -0.022920 0.048524 0.000000 -1.000000 1
183 0.490946 0.300020 0.426650 2.892866 -4.040560 0.426650 -0.026502 0.056252 0.000000 -1.000000 1
184 0.500188 0.299968 0.502240 2.861869 -4.099509 0.502240 -0.026738 0.058305 0.000000 -1.000000 1
185 0.604887 0.299932 0.424827 2.474777 -4.329462 0.424827 -0.026910 0.075912 0.000000 -1.000000 1
186 0.743151 0.300035 0.389763 2.130321 -4.497688 0.389763 -0.024262 0.087655 0.000000 -1.000000 1
187 0.784366 0.254690 0.337546 1.717942 -4.645602 0.337546 -0.019350 0.101568 0.000000 -1.000000 1
188 0.706151 0.208452 0.360700 1.410157 -4.729240 0.360700 -0.015060 0.105626 0.000000 -1.000000 1
189 0.611492 0.140136 0.315599 0.901741 -4.837198 0.315599 -0.006073 0.104129 0.000000 -1.000000 1
190 0.505983 0.107982 0.358508 0.586598 -4.868207 0.358508 -0.001617 0.099767 0.000000 -1.000000 1
191 0.461061 0.071419 0.359161 0.215057 -4.880989 0.359161 0.004673 0.094094 0.000000 -1.000000 1
192 0.420710 0.046915 0.397445 -0.067999 -4.857781 0.397445 0.008764 0.087967 0.000000 -1.000000 1
193 0.417938 0.013891 0.393199 -0.421844 -4.796579 0.393199 0.014714 0.084277 0.000000 -1.000000 1
194 0.413448 -0.017589 0.415957 -0.713380 -4.714349 0.415957 0.018513 0.077155 0.000000 -1.000000 1
195 0.398601 -0.046696 0.410592 -1.073597 -4.567870 0.410592 0.024463 0.075129 0.000000 -1.000000 1
196 0.388956 -0.071399 0.457160 -1.303425 -4.427226 0.457160 0.026912 0.069259 0.000000 -1.000000 1
197 0.361406 -0.098766 0.439967 -1.672667 -4.195574 0.439967 0.032119 0.064709 0.000000 -1.000000 1
198 0.345801 -0.110105 0.532846 -1.787588 -4.032391 0.532846 0.032719 0.060170 0.000000 -1.000000 1
199 0.301908 -0.130330 0.498471 -2.155996 -3.713683 0.498471 0.035799 0.052198 0.000000 -1.000000 1
200 0.285759 -0.124339 0.626283 -2.172461 -3.530056 0.626283 0.038874 0.053861 0.000000 -1.000000 1
201 0.233722 -0.131339 0.561717 -2.521380 -3.105340 0.561717 0.042465 0.045842 0.000000 -1.000000 1
202 0.212975 -0.110949 0.682279 -2.510528 -2.873328 0.682279 0.049510 0.050227 0.000000 -1.000000 1
203 0.158837 -0.100316 0.581023 -2.800045 -2.346434 0.581023 0.052462 0.039825 0.000000 -1.000000 1
204 0.133824 -0.066088 0.671262 -2.773896 -2.058129 0.671262 0.060278 0.041299 0.000000 -1.000000 1
205 0.088973 -0.034408 0.557306 -2.928574 -1.488697 0.557306 0.058748 0.028313 0.000000 -1.000000 1
206 0.070188 0.009013 0.625996 -2.848551 -1.184796 0.625996 0.063325 0.025904 0.000000 -1.000000 1
207 0.047940 0.051074 0.560908 -2.825523 -0.714417 0.560908 0.057471 0.015310 0.000000 -1.000000 1
208 0.041691 0.092734 0.613659 -2.688555 -0.436288 0.613659 0.057505 0.011142 0.000000 -1.000000 1
209 0.039440 0.137629 0.578993 -2.552198 -0.068190 0.578993 0.050063 0.003976 0.000000 -1.000000 1
