9 0.549815 -0.014280 0.000000 0.429222 0.009143 -0.051933 0.549815 -0.014280 0.000000 1.000000 1 0.000000000e+00
10 0.549815 -0.014263 0.000000 0.431872 0.009605 0.150927 0.549815 -0.014263 0.000000 1.000000 1 0.000000000e+00
11 0.549994 0.002648 0.000000 0.563070 0.094536 0.725977 0.549994 0.002648 0.000000 1.000000 1 0.000000000e+00
12 0.549967 -0.006046 0.000000 0.609827 0.147082 0.879776 0.549967 -0.006046 0.000000 1.000000 1 0.000000000e+00
13 0.549650 -0.019625 0.000000 0.613966 0.216799 1.000000 0.549650 -0.019625 0.000000 1.000000 1 0.000000000e+00
14 0.549705 -0.018005 0.000000 0.578536 0.300000 1.000000 0.549705 -0.018005 0.000000 1.000000 1 0.000000000e+00
15 0.549621 -0.020404 0.000000 0.514148 0.300000 1.000000 0.549621 -0.020404 0.000000 1.000000 1 0.000000000e+00
16 0.549902 -0.010368 0.000000 0.438080 0.300000 1.000000 0.549902 -0.010368 0.000000 1.000000 1 0.000000000e+00
17 0.549844 -0.013113 0.000000 0.348286 0.300000 1.000000 0.549844 -0.013113 0.000000 1.000000 1 0.000000000e+00
18 0.549947 -0.007611 0.000000 0.234096 0.300000 1.000000 0.549947 -0.007611 0.000000 1.000000 1 0.000000000e+00
19 0.515937 -0.009698 0.000000 0.113738 0.300000 1.000000 0.515937 -0.009698 0.000000 1.000000 1 0.000000000e+00
20 0.427207 -0.003806 0.000000 -0.029573 0.300000 1.000000 0.427207 -0.003806 0.000000 1.000000 1 0.000000000e+00
21 0.342305 -0.007568 0.000000 -0.148998 0.300000 1.000000 0.342305 -0.007568 0.000000 1.000000 1 0.000000000e+00
22 0.270277 -0.003855 0.000000 -0.276185 0.300000 1.000000 0.270277 -0.003855 0.000000 1.000000 1 0.000000000e+00
23 0.213015 -0.004621 0.000000 -0.355959 0.300000 1.000000 0.213015 -0.004621 0.000000 1.000000 1 0.000000000e+00
24 0.168229 -0.003909 0.000000 -0.425296 0.300000 1.000000 0.168229 -0.003909 0.000000 1.000000 1 0.000000000e+00
25 0.133990 -0.003310 0.000000 -0.479231 0.300000 1.000000 0.133990 -0.003310 0.000000 1.000000 1 0.000000000e+00
26 0.107247 -0.002797 0.000000 -0.525220 0.300000 1.000000 0.107247 -0.002797 0.000000 1.000000 1 0.000000000e+00
27 0.086899 -0.002311 0.000000 -0.566901 0.300000 1.000000 0.086899 -0.002311 0.000000 1.000000 1 0.000000000e+00
28 0.071146 -0.002010 0.000000 -0.603835 0.300000 1.000000 0.071146 -0.002010 0.000000 1.000000 1 0.000000000e+00
29 0.059096 -0.001656 0.000000 -0.644805 0.300000 1.000000 0.059096 -0.001656 0.000000 1.000000 1 0.000000000e+00
30 0.049724 -0.001488 0.000000 -0.681527 0.300000 1.000000 0.049724 -0.001488 0.000000 1.000000 1 0.000000000e+00
31 0.042424 -0.001233 0.000000 -0.728268 0.300000 1.000000 0.042424 -0.001233 0.000000 1.000000 1 0.000000000e+00
32 0.036750 -0.001135 0.000000 -0.770004 0.300000 1.000000 0.036750 -0.001135 0.000000 1.000000 1 0.000000000e+00
33 0.032200 -0.000968 0.000000 -0.823351 0.300000 1.000000 0.032200 -0.000968 0.000000 1.000000 1 0.000000000e+00
34 0.028638 -0.000909 0.000000 -0.871910 0.300000 1.000000 0.028638 -0.000909 0.000000 1.000000 1 0.000000000e+00
35 0.025667 -0.000789 0.000000 -0.933302 0.300000 1.000000 0.025667 -0.000789 0.000000 1.000000 1 0.000000000e+00
36 0.023460 -0.000763 0.000000 -0.987726 0.300000 1.000000 0.023460 -0.000763 0.000000 1.000000 1 0.000000000e+00
37 0.021545 -0.000681 0.000000 -1.000000 0.300000 1.000000 0.021545 -0.000681 0.000000 1.000000 1 0.000000000e+00
38 0.020214 -0.000673 0.000000 -1.000000 0.300000 1.000000 0.020214 -0.000673 0.000000 1.000000 1 0.000000000e+00
39 0.018857 -0.000613 0.000000 -1.000000 0.300000 1.000000 0.018857 -0.000613 0.000000 1.000000 1 0.000000000e+00
40 0.017932 -0.000617 0.000000 -1.000000 0.300000 1.000000 0.017932 -0.000617 0.000000 1.000000 1 0.000000000e+00
41 0.016942 -0.000568 0.000000 -1.000000 0.300000 1.000000 0.016942 -0.000568 0.000000 1.000000 1 0.000000000e+00
42 0.016373 -0.000581 0.000000 -1.000000 0.300000 1.000000 0.016373 -0.000581 0.000000 1.000000 1 0.000000000e+00
43 0.015651 -0.000541 0.000000 -1.000000 0.300000 1.000000 0.015651 -0.000541 0.000000 1.000000 1 0.000000000e+00
44 0.015347 -0.000561 0.000000 -1.000000 0.300000 1.000000 0.015347 -0.000561 0.000000 1.000000 1 0.000000000e+00
45 0.014797 -0.000527 0.000000 -1.000000 0.300000 1.000000 0.014797 -0.000527 0.000000 1.000000 1 0.000000000e+00
46 0.014674 -0.000552 0.000000 -1.000000 0.300000 1.000000 0.014674 -0.000552 0.000000 1.000000 1 0.000000000e+00
47 0.014225 -0.000522 0.000000 -1.000000 0.300000 1.000000 0.014225 -0.000522 0.000000 1.000000 1 0.000000000e+00
48 0.014227 -0.000551 0.000000 -1.000000 0.300000 1.000000 0.014227 -0.000551 0.000000 1.000000 1 0.000000000e+00
49 0.013853 -0.000523 0.000000 -1.000000 0.300000 1.000000 0.013853 -0.000523 0.000000 1.000000 1 0.000000000e+00
50 0.013937 -0.000555 0.000000 -1.000000 0.300000 1.000000 0.013937 -0.000555 0.000000 1.000000 1 0.000000000e+00
51 0.013688 -0.000534 0.000000 -1.000000 0.300000 1.000000 0.013688 -0.000534 0.000000 1.000000 1 0.000000000e+00
52 0.013809 -0.000567 0.000000 -1.000000 0.300000 1.000000 0.013809 -0.000567 0.000000 1.000000 1 0.000000000e+00
53 0.013515 -0.000542 0.000000 -1.000000 0.300000 1.000000 0.013515 -0.000542 0.000000 1.000000 1 0.000000000e+00
54 0.013676 -0.000576 0.000000 -1.000000 0.300000 1.000000 0.013676 -0.000576 0.000000 1.000000 1 0.000000000e+00
55 0.013470 -0.000557 0.000000 -1.000000 0.300000 1.000000 0.013470 -0.000557 0.000000 1.000000 1 0.000000000e+00
56 0.013641 -0.000592 0.000000 -1.000000 0.300000 1.000000 0.013641 -0.000592 0.000000 1.000000 1 0.000000000e+00
57 0.013373 -0.000567 0.000000 -1.000000 0.300000 1.000000 0.013373 -0.000567 0.000000 1.000000 1 0.000000000e+00
58 0.013497 -0.000603 0.000000 -1.000000 0.300000 1.000000 0.013497 -0.000603 0.000000 1.000000 1 0.000000000e+00
59 0.013254 -0.000579 0.000000 -1.000000 0.300000 1.000000 0.013254 -0.000579 0.000000 1.000000 1 0.000000000e+00
60 0.013466 -0.000616 0.000000 -1.000000 0.300000 1.000000 0.013466 -0.000616 0.000000 1.000000 1 0.000000000e+00
61 0.013298 -0.000598 0.000000 -1.000000 0.300000 1.000000 0.013298 -0.000598 0.000000 1.000000 1 0.000000000e+00
62 0.013512 -0.000635 0.000000 -1.000000 0.300000 1.000000 0.013512 -0.000635 0.000000 1.000000 1 0.000000000e+00
63 0.013336 -0.000616 0.000000 -1.000000 0.300000 1.000000 0.013336 -0.000616 0.000000 1.000000 1 0.000000000e+00
64 0.013546 -0.000654 0.000000 -1.000000 0.300000 1.000000 0.013546 -0.000654 0.000000 1.000000 1 0.000000000e+00
65 0.013360 -0.000634 0.000000 -1.000000 0.300000 1.000000 0.013360 -0.000634 0.000000 1.000000 1 0.000000000e+00
66 0.013568 -0.000672 0.000000 -1.000000 0.300000 1.000000 0.013568 -0.000672 0.000000 1.000000 1 0.000000000e+00
67 0.013374 -0.000652 0.000000 -1.000000 0.300000 1.000000 0.013374 -0.000652 0.000000 1.000000 1 0.000000000e+00
68 0.013582 -0.000690 0.000000 -1.000000 0.300000 1.000000 0.013582 -0.000690 0.000000 1.000000 1 0.000000000e+00
69 0.013408 -0.000667 0.000000 -1.000000 0.300000 1.000000 0.013408 -0.000667 0.000000 1.000000 1 0.000000000e+00
70 0.013634 -0.000710 0.000000 -1.000000 0.300000 1.000000 0.013634 -0.000710 0.000000 1.000000 1 0.000000000e+00
71 0.013342 -0.000682 0.000000 -1.000000 0.300000 1.000000 0.013342 -0.000682 0.000000 1.000000 1 0.000000000e+00
72 0.013493 -0.000720 0.000000 -1.000000 0.300000 1.000000 0.013493 -0.000720 0.000000 1.000000 1 0.000000000e+00
73 0.013231 -0.000693 0.000000 -1.000000 0.300000 1.000000 0.013231 -0.000693 0.000000 1.000000 1 0.000000000e+00
74 0.013500 -0.000739 0.000000 -1.000000 0.300000 1.000000 0.013500 -0.000739 0.000000 1.000000 1 0.000000000e+00
75 0.013326 -0.000715 0.000000 -1.000000 0.300000 1.000000 0.013326 -0.000715 0.000000 1.000000 1 0.000000000e+00
76 0.013484 -0.000754 0.000000 -1.000000 0.300000 1.000000 0.013484 -0.000754 0.000000 1.000000 1 0.000000000e+00
77 0.013233 -0.000727 0.000000 -1.000000 0.300000 1.000000 0.013233 -0.000727 0.000000 1.000000 1 0.000000000e+00
78 0.013470 -0.000768 0.000000 -1.000000 0.300000 1.000000 0.013470 -0.000768 0.000000 1.000000 1 0.000000000e+00
79 0.013313 -0.000745 0.000000 -1.000000 0.300000 1.000000 0.013313 -0.000745 0.000000 1.000000 1 0.000000000e+00
80 0.013537 -0.000785 0.000000 -1.000000 0.300000 1.000000 0.013537 -0.000785 0.000000 1.000000 1 0.000000000e+00
81 0.013346 -0.000764 0.000000 -1.000000 0.300000 1.000000 0.013346 -0.000764 0.000000 1.000000 1 0.000000000e+00
82 0.013566 -0.000804 0.000000 -1.000000 0.300000 1.000000 0.013566 -0.000804 0.000000 1.000000 1 0.000000000e+00
83 0.013366 -0.000782 0.000000 -1.000000 0.300000 1.000000 0.013366 -0.000782 0.000000 1.000000 1 0.000000000e+00
84 0.013696 -0.000831 0.000000 -1.000000 0.300000 1.000000 0.013696 -0.000831 0.000000 1.000000 1 0.000000000e+00
85 0.013444 -0.000806 0.000000 -1.000000 0.300000 1.000000 0.013444 -0.000806 0.000000 1.000000 1 0.000000000e+00
86 0.013608 -0.000846 0.000000 -1.000000 0.300000 1.000000 0.013608 -0.000846 0.000000 1.000000 1 0.000000000e+00
87 0.013309 -0.000815 0.000000 -1.000000 0.300000 1.000000 0.013309 -0.000815 0.000000 1.000000 1 0.000000000e+00
88 0.013475 -0.000855 0.000000 -1.000000 0.300000 1.000000 0.013475 -0.000855 0.000000 1.000000 1 0.000000000e+00
89 0.013305 -0.000830 0.000000 -1.000000 0.300000 1.000000 0.013305 -0.000830 0.000000 1.000000 1 0.000000000e+00
90 0.013532 -0.000872 0.000000 -1.000000 0.300000 1.000000 0.013532 -0.000872 0.000000 1.000000 1 0.000000000e+00
91 0.013261 -0.000842 0.000000 -1.000000 0.300000 1.000000 0.013261 -0.000842 0.000000 1.000000 1 0.000000000e+00
92 0.013439 -0.000883 0.000000 -1.000000 0.300000 1.000000 0.013439 -0.000883 0.000000 1.000000 1 0.000000000e+00
93 0.013183 -0.000854 0.000000 -1.000000 0.300000 1.000000 0.013183 -0.000854 0.000000 1.000000 1 0.000000000e+00
94 0.013479 -0.000905 0.000000 -1.000000 0.300000 1.000000 0.013479 -0.000905 0.000000 1.000000 1 0.000000000e+00
95 0.013268 -0.000880 0.000000 -1.000000 0.300000 1.000000 0.013268 -0.000880 0.000000 1.000000 1 0.000000000e+00
96 0.013469 -0.000923 0.000000 -1.000000 0.300000 1.000000 0.013469 -0.000923 0.000000 1.000000 1 0.000000000e+00
97 0.013197 -0.000892 0.000000 -1.000000 0.300000 1.000000 0.013197 -0.000892 0.000000 1.000000 1 0.000000000e+00
98 0.013399 -0.000936 0.000000 -1.000000 0.300000 1.000000 0.013399 -0.000936 0.000000 1.000000 1 0.000000000e+00
99 0.013237 -0.000910 0.000000 -1.000000 0.300000 1.000000 0.013237 -0.000910 0.000000 1.000000 1 0.000000000e+00
100 0.013494 -0.000956 0.000000 -1.000000 0.300000 1.000000 0.013494 -0.000956 0.000000 1.000000 1 0.000000000e+00
101 0.013293 -0.000932 0.000000 -1.000000 0.300000 0.939272 0.013293 -0.000932 0.000000 1.000000 1 0.000000000e+00
102 0.013551 -0.000978 0.000000 -1.000000 0.300000 0.753143 0.013551 -0.000978 0.000000 1.000000 1 0.000000000e+00
103 0.013332 -0.000952 0.000000 -1.000000 0.300000 0.569774 0.013332 -0.000952 0.000000 1.000000 1 0.000000000e+00
104 0.013621 -0.001005 0.000000 -1.000000 0.300000 0.377989 0.013621 -0.001005 0.000000 1.000000 1 0.000000000e+00
105 0.013370 -0.000976 0.000000 -1.000000 0.300000 0.190587 0.013370 -0.000976 0.000000 1.000000 1 0.000000000e+00
106 0.013562 -0.001020 0.000000 -1.000000 0.300000 -0.003926 0.013562 -0.001020 0.000000 1.000000 1 0.000000000e+00
107 0.013258 -0.000985 0.000000 -1.000000 0.300000 -0.192817 0.013258 -0.000985 0.000000 1.000000 1 0.000000000e+00
108 0.013459 -0.001030 0.000000 -1.000000 0.300000 -0.388008 0.013459 -0.001030 0.000000 1.000000 1 0.000000000e+00
109 0.013271 -0.001001 0.000000 -1.000000 0.300000 -0.575868 0.013271 -0.001001 0.000000 1.000000 1 0.000000000e+00
110 0.013533 -0.001049 0.000000 -1.000000 0.300000 -0.576305 0.013533 -0.001049 0.000000 1.000000 1 0.000000000e+00
111 0.013312 -0.001022 0.000000 -1.000000 0.300000 -0.899919 0.013312 -0.001022 0.000000 1.000000 1 0.000000000e+00
112 0.013580 -0.001071 0.000000 -1.000000 0.300000 -1.000000 0.013580 -0.001071 0.000000 1.000000 1 0.000000000e+00
113 0.013343 -0.001043 0.000000 -1.000000 0.300000 -1.000000 0.013343 -0.001043 0.000000 1.000000 1 0.000000000e+00
114 0.013643 -0.001098 0.000000 -0.850349 0.300000 -1.000000 0.013643 -0.001098 0.000000 1.000000 1 0.000000000e+00
115 0.013377 -0.001067 0.000000 -0.718407 0.300000 -1.000000 0.013377 -0.001067 0.000000 1.000000 1 0.000000000e+00
116 0.013578 -0.001113 0.000000 -0.564238 0.300000 -1.000000 0.013578 -0.001113 0.000000 1.000000 1 0.000000000e+00
117 0.013332 -0.001083 0.000000 -0.458179 0.300000 -1.000000 0.013332 -0.001083 0.000000 1.000000 1 0.000000000e+00
118 0.013604 -0.001133 0.000000 -0.333371 0.300000 -1.000000 0.013604 -0.001133 0.000000 1.000000 1 0.000000000e+00
119 0.013374 -0.001100 0.000000 -0.257541 0.300000 -1.000000 0.013374 -0.001100 0.000000 1.000000 1 0.000000000e+00
120 0.013564 -0.001146 0.000000 -0.159248 0.300000 -1.000000 0.013564 -0.001146 0.000000 1.000000 1 0.000000000e+00
121 0.013255 -0.001108 0.000000 -0.109902 0.300000 -1.000000 0.013255 -0.001108 0.000000 1.000000 1 0.000000000e+00
122 0.013459 -0.001155 0.000000 -0.039373 0.300000 -1.000000 0.013459 -0.001155 0.000000 1.000000 1 0.000000000e+00
123 0.013167 -0.001118 0.000000 -0.015803 0.300000 -1.000000 0.013167 -0.001118 0.000000 1.000000 1 0.000000000e+00
124 0.013505 -0.001178 0.000000 0.030692 0.300000 -1.000000 0.013505 -0.001178 0.000000 1.000000 1 0.000000000e+00
125 0.013255 -0.001147 0.000000 0.032785 0.300000 -1.000000 0.013255 -0.001147 0.000000 1.000000 1 0.000000000e+00
126 0.013496 -0.001198 0.000000 0.054239 0.300000 -1.000000 0.013496 -0.001198 0.000000 1.000000 1 0.000000000e+00
127 0.013260 -0.001167 0.000000 0.035495 0.300000 -1.000000 0.013260 -0.001167 0.000000 1.000000 1 0.000000000e+00
128 0.013560 -0.001221 0.000000 0.035156 0.300000 -1.000000 0.013560 -0.001221 0.000000 1.000000 1 0.000000000e+00
129 0.013402 -0.001196 0.000000 -0.002092 0.300000 -1.000000 0.013402 -0.001196 0.000000 1.000000 1 0.000000000e+00
130 0.013675 -0.001248 0.000000 -0.019813 0.300000 -1.000000 0.013675 -0.001248 0.000000 1.000000 1 0.000000000e+00
131 0.013402 -0.001214 0.000000 -0.071309 0.300000 -1.000000 0.013402 -0.001214 0.000000 1.000000 1 0.000000000e+00
132 0.013678 -0.001267 0.000000 -0.103775 0.300000 -1.000000 0.013678 -0.001267 0.000000 1.000000 1 0.000000000e+00
133 0.013391 -0.001232 0.000000 -0.167784 0.300000 -1.000000 0.013391 -0.001232 0.000000 1.000000 1 0.000000000e+00
134 0.013708 -0.001293 0.000000 -0.209846 0.300000 -1.000000 0.013708 -0.001293 0.000000 1.000000 1 0.000000000e+00
135 0.013402 -0.001255 0.000000 -0.284428 0.300000 -1.000000 0.013402 -0.001255 0.000000 1.000000 1 0.000000000e+00
136 0.013624 -0.001306 0.000000 -0.337929 0.300000 -1.000000 0.013624 -0.001306 0.000000 1.000000 1 0.000000000e+00
137 0.013343 -0.001269 0.000000 -0.420835 0.300000 -1.000000 0.013343 -0.001269 0.000000 1.000000 1 0.000000000e+00
138 0.013561 -0.001320 0.000000 -0.482598 0.300000 -1.000000 0.013561 -0.001320 0.000000 1.000000 1 0.000000000e+00
139 0.013327 -0.001284 0.000000 -0.574453 0.300000 -1.000000 0.013327 -0.001284 0.000000 1.000000 1 0.000000000e+00
140 0.013537 -0.001334 0.000000 -0.642584 0.300000 -1.000000 0.013537 -0.001334 0.000000 1.000000 1 0.000000000e+00
141 0.013215 -0.001290 0.000000 -0.738917 0.300000 -1.000000 0.013215 -0.001290 0.000000 1.000000 1 0.000000000e+00
142 0.013454 -0.001344 0.000000 -0.812260 0.300000 -1.000000 0.013454 -0.001344 0.000000 1.000000 1 0.000000000e+00
143 0.013213 -0.001310 0.000000 -0.911064 0.300000 -1.000000 0.013213 -0.001310 0.000000 1.000000 1 0.000000000e+00
144 0.013568 -0.001377 0.000000 -0.987533 0.300000 -1.000000 0.013568 -0.001377 0.000000 1.000000 1 0.000000000e+00
145 0.013286 -0.001339 0.000000 -1.000000 0.300000 -1.000000 0.013286 -0.001339 0.000000 1.000000 1 0.000000000e+00
146 0.013580 -0.001399 0.000000 -1.000000 0.300000 -1.000000 0.013580 -0.001399 0.000000 1.000000 1 0.000000000e+00
147 0.013309 -0.001362 0.000000 -1.000000 0.300000 -1.000000 0.013309 -0.001362 0.000000 1.000000 1 0.000000000e+00
148 0.013583 -0.001420 0.000000 -1.000000 0.300000 -1.000000 0.013583 -0.001420 0.000000 1.000000 1 0.000000000e+00
149 0.013318 -0.001384 0.000000 -1.000000 0.300000 -1.000000 0.013318 -0.001384 0.000000 1.000000 1 0.000000000e+00
150 0.013659 -0.001447 0.000000 -1.000000 0.300000 -1.000000 0.013659 -0.001447 0.000000 1.000000 1 0.000000000e+00
151 0.013349 -0.001405 0.000000 -1.000000 0.300000 -1.000000 0.013349 -0.001405 0.000000 1.000000 1 0.000000000e+00
152 0.013606 -0.001463 0.000000 -1.000000 0.300000 -1.000000 0.013606 -0.001463 0.000000 1.000000 1 0.000000000e+00
153 0.013325 -0.001424 0.000000 -1.000000 0.300000 -1.000000 0.013325 -0.001424 0.000000 1.000000 1 0.000000000e+00
154 0.013666 -0.001488 0.000000 -1.000000 0.300000 -1.000000 0.013666 -0.001488 0.000000 1.000000 1 0.000000000e+00
155 0.013350 -0.001445 0.000000 -1.000000 0.300000 -1.000000 0.013350 -0.001445 0.000000 1.000000 1 0.000000000e+00
156 0.013611 -0.001504 0.000000 -1.000000 0.300000 -1.000000 0.013611 -0.001504 0.000000 1.000000 1 0.000000000e+00
157 0.013324 -0.001464 0.000000 -1.000000 0.300000 -1.000000 0.013324 -0.001464 0.000000 1.000000 1 0.000000000e+00
158 0.013675 -0.001530 0.000000 -1.000000 0.300000 -1.000000 0.013675 -0.001530 0.000000 1.000000 1 0.000000000e+00
159 0.013442 -0.001498 0.000000 -1.000000 0.300000 -1.000000 0.013442 -0.001498 0.000000 1.000000 1 0.000000000e+00
160 0.013755 -0.001561 0.000000 -1.000000 0.300000 -1.000000 0.013755 -0.001561 0.000000 1.000000 1 0.000000000e+00
161 0.013414 -0.001514 0.000000 -1.000000 0.300000 -1.000000 0.013414 -0.001514 0.000000 1.000000 1 0.000000000e+00
162 0.013692 -0.001575 0.000000 -1.000000 0.300000 -1.000000 0.013692 -0.001575 0.000000 1.000000 1 0.000000000e+00
163 0.013375 -0.001530 0.000000 -1.000000 0.300000 -1.000000 0.013375 -0.001530 0.000000 1.000000 1 0.000000000e+00
164 0.013645 -0.001591 0.000000 -1.000000 0.300000 -1.000000 0.013645 -0.001591 0.000000 1.000000 1 0.000000000e+00
165 0.013330 -0.001545 0.000000 -1.000000 0.300000 -1.000000 0.013330 -0.001545 0.000000 1.000000 1 0.000000000e+00
166 0.013592 -0.001606 0.000000 -1.000000 0.300000 -1.000000 0.013592 -0.001606 0.000000 1.000000 1 0.000000000e+00
167 0.013301 -0.001563 0.000000 -1.000000 0.300000 -1.000000 0.013301 -0.001563 0.000000 1.000000 1 0.000000000e+00
168 0.013671 -0.001635 0.000000 -1.000000 0.300000 -1.000000 0.013671 -0.001635 0.000000 1.000000 1 0.000000000e+00
169 0.013425 -0.001600 0.000000 -1.000000 0.300000 -1.000000 0.013425 -0.001600 0.000000 1.000000 1 0.000000000e+00
170 0.013759 -0.001668 0.000000 -1.000000 0.300000 -1.000000 0.013759 -0.001668 0.000000 1.000000 1 0.000000000e+00
171 0.013400 -0.001616 0.000000 -1.000000 0.300000 -1.000000 0.013400 -0.001616 0.000000 1.000000 1 0.000000000e+00
172 0.013699 -0.001682 0.000000 -1.000000 0.300000 -1.000000 0.013699 -0.001682 0.000000 1.000000 1 0.000000000e+00
173 0.013363 -0.001633 0.000000 -1.000000 0.300000 -1.000000 0.013363 -0.001633 0.000000 1.000000 1 0.000000000e+00
174 0.013652 -0.001698 0.000000 -1.000000 0.300000 -1.000000 0.013652 -0.001698 0.000000 1.000000 1 0.000000000e+00
175 0.013318 -0.001648 0.000000 -1.000000 0.300000 -1.000000 0.013318 -0.001648 0.000000 1.000000 1 0.000000000e+00
176 0.013599 -0.001713 0.000000 -1.000000 0.300000 -1.000000 0.013599 -0.001713 0.000000 1.000000 1 0.000000000e+00
177 0.013289 -0.001666 0.000000 -1.000000 0.300000 -1.000000 0.013289 -0.001666 0.000000 1.000000 1 0.000000000e+00
178 0.013593 -0.001734 0.000000 -1.000000 0.300000 -1.000000 0.013593 -0.001734 0.000000 1.000000 1 0.000000000e+00
179 0.013272 -0.001684 0.000000 -1.000000 0.300000 -1.000000 0.013272 -0.001684 0.000000 1.000000 1 0.000000000e+00
180 0.013569 -0.001752 0.000000 -1.000000 0.300000 -1.000000 0.013569 -0.001752 0.000000 1.000000 1 0.000000000e+00
181 0.013260 -0.001704 0.000000 -1.000000 0.300000 -1.000000 0.013260 -0.001704 0.000000 1.000000 1 0.000000000e+00
182 0.013582 -0.001775 0.000000 -1.000000 0.300000 -1.000000 0.013582 -0.001775 0.000000 1.000000 1 0.000000000e+00
183 0.013273 -0.001727 0.000000 -1.000000 0.300000 -1.000000 0.013273 -0.001727 0.000000 1.000000 1 0.000000000e+00
184 0.013566 -0.001795 0.000000 -1.000000 0.300000 -1.000000 0.013566 -0.001795 0.000000 1.000000 1 0.000000000e+00
185 0.013238 -0.001743 0.000000 -1.000000 0.300000 -1.000000 0.013238 -0.001743 0.000000 1.000000 1 0.000000000e+00
186 0.013575 -0.001818 0.000000 -1.000000 0.300000 -1.000000 0.013575 -0.001818 0.000000 1.000000 1 0.000000000e+00
187 0.013254 -0.001767 0.000000 -1.000000 0.300000 -1.000000 0.013254 -0.001767 0.000000 1.000000 1 0.000000000e+00
188 0.013587 -0.001841 0.000000 -1.000000 0.300000 -1.000000 0.013587 -0.001841 0.000000 1.000000 1 0.000000000e+00
189 0.013247 -0.001787 0.000000 -1.000000 0.300000 -1.000000 0.013247 -0.001787 0.000000 1.000000 1 0.000000000e+00
190 0.013566 -0.001860 0.000000 -1.000000 0.300000 -1.000000 0.013566 -0.001860 0.000000 1.000000 1 0.000000000e+00
191 0.013239 -0.001807 0.000000 -1.000000 0.300000 -1.000000 0.013239 -0.001807 0.000000 1.000000 1 0.000000000e+00
192 0.013582 -0.001884 0.000000 -1.000000 0.300000 -1.000000 0.013582 -0.001884 0.000000 1.000000 1 0.000000000e+00
193 0.013254 -0.001831 0.000000 -1.000000 0.300000 -1.000000 0.013254 -0.001831 0.000000 1.000000 1 0.000000000e+00
194 0.013566 -0.001904 0.000000 -1.000000 0.300000 -1.000000 0.013566 -0.001904 0.000000 1.000000 1 0.000000000e+00
195 0.013220 -0.001847 0.000000 -1.000000 0.300000 -1.000000 0.013220 -0.001847 0.000000 1.000000 1 0.000000000e+00
196 0.013575 -0.001927 0.000000 -1.000000 0.300000 -1.000000 0.013575 -0.001927 0.000000 1.000000 1 0.000000000e+00
197 0.013309 -0.001884 0.000000 -1.000000 0.300000 -1.000000 0.013309 -0.001884 0.000000 1.000000 1 0.000000000e+00
198 0.013723 -0.001971 0.000000 -1.000000 0.300000 -1.000000 0.013723 -0.001971 0.000000 1.000000 1 0.000000000e+00
199 0.013405 -0.001920 0.000000 -1.000000 0.300000 -1.000000 0.013405 -0.001920 0.000000 1.000000 1 0.000000000e+00
200 0.013722 -0.001996 0.000000 -1.000000 0.300000 -1.000000 0.013722 -0.001996 0.000000 1.000000 1 0.000000000e+00
201 0.013342 -0.001933 0.000000 -1.000000 0.300000 -1.000000 0.013342 -0.001933 0.000000 1.000000 1 0.000000000e+00
202 0.013680 -0.002012 0.000000 -1.000000 0.300000 -1.000000 0.013680 -0.002012 0.000000 1.000000 1 0.000000000e+00
203 0.013381 -0.001963 0.000000 -1.000000 0.300000 -1.000000 0.013381 -0.001963 0.000000 1.000000 1 0.000000000e+00
204 0.013681 -0.002037 0.000000 -1.000000 0.300000 -0.825775 0.013681 -0.002037 0.000000 1.000000 1 0.000000000e+00
205 0.013301 -0.001973 0.000000 -1.000000 0.300000 -0.635360 0.013301 -0.001973 0.000000 1.000000 1 0.000000000e+00
206 0.013653 -0.002055 0.000000 -1.000000 0.300000 -0.449408 0.013653 -0.002055 0.000000 1.000000 1 0.000000000e+00
207 0.013355 -0.002005 0.000000 -1.000000 0.300000 -0.257863 0.013355 -0.002005 0.000000 1.000000 1 0.000000000e+00
208 0.013668 -0.002083 0.000000 -1.000000 0.300000 -0.071543 0.013668 -0.002083 0.000000 1.000000 1 0.000000000e+00
209 0.013283 -0.002016 0.000000 -1.000000 0.300000 0.119268 0.013283 -0.002016 0.000000 1.000000 1 0.000000000e+00
