9 0.429222 0.009143 -0.051933
10 0.431872 0.009605 0.150927
11 0.569263 0.082512 0.682410
12 0.643326 0.111886 0.740636
13 0.633384 0.137375 0.669048
14 0.598739 0.199775 0.645943
15 0.628007 0.251394 0.645865
16 0.621786 0.300000 0.699896
17 0.670325 0.295190 0.605145
18 0.655091 0.300000 0.682945
19 0.662177 0.290724 0.561494
20 0.610185 0.279813 0.557410
21 0.593578 0.220220 0.421333
22 0.552928 0.190137 0.365496
23 0.564451 0.152293 0.268991
24 0.539134 0.140906 0.332679
25 0.519699 0.125694 0.296079
26 0.477682 0.123987 0.318161
27 0.428621 0.106541 0.276835
28 0.372240 0.102244 0.302485
29 0.327064 0.094541 0.273305
30 0.279839 0.091332 0.287919
31 0.242299 0.093990 0.268942
32 0.205867 0.097158 0.278512
33 0.177921 0.111272 0.273419
34 0.153282 0.125796 0.279073
35 0.138548 0.151536 0.279629
36 0.129567 0.180707 0.283053
37 0.135669 0.220308 0.284551
38 0.150704 0.267508 0.294980
39 0.180171 0.300096 0.299787
40 0.202052 0.300002 0.332613
41 0.243960 0.300006 0.301688
42 0.294130 0.300051 0.328928
43 0.351531 0.300027 0.307377
44 0.447878 0.300067 0.332356
45 0.598281 0.300058 0.299205
46 0.885182 0.257890 0.303115
47 1.000001 0.028879 0.258291
48 1.000000 -0.300000 0.223471
49 0.959301 -0.300001 0.157723
50 0.815010 -0.300000 0.209228
51 0.700127 -0.300000 0.269049
52 0.608746 -0.300000 0.351782
53 0.463206 -0.259452 0.255389
54 0.407270 -0.094923 0.337971
55 0.334359 0.021145 0.268079
56 0.310915 0.130401 0.305486
57 0.324779 0.190522 0.259521
58 0.331318 0.203935 0.257358
59 0.374503 0.189748 0.169943
60 0.388614 0.149940 0.150630
61 0.399833 0.124987 0.084396
62 0.390633 0.085604 0.050588
63 0.380912 0.063605 -0.011421
64 0.359055 0.033446 -0.042503
65 0.348266 0.015092 -0.084156
66 0.335428 -0.011313 -0.101918
67 0.332445 -0.019207 -0.112738
68 0.310881 -0.040739 -0.122988
69 0.268092 -0.046886 -0.136245
70 0.229119 -0.062069 -0.143642
71 0.192358 -0.067301 -0.168087
72 0.163481 -0.080829 -0.172408
73 0.138596 -0.091645 -0.190424
74 0.122896 -0.112122 -0.192337
75 0.111608 -0.135279 -0.213130
76 0.112521 -0.168444 -0.221892
77 0.117660 -0.208533 -0.265445
78 0.147690 -0.255074 -0.254212
79 0.171759 -0.300002 -0.340629
80 0.218134 -0.299999 -0.286085
81 0.238371 -0.299998 -0.428744
82 0.313181 -0.300000 -0.348232
83 0.381486 -0.300000 -0.452869
84 0.541329 -0.300005 -0.391272
85 0.888688 -0.300041 -0.451600
86 0.999964 -0.064289 -0.422717
87 1.000000 0.300000 -0.375815
88 0.919437 0.300003 -0.222170
89 0.699794 0.300000 -0.089257
90 0.483007 0.299999 -0.115192
91 0.384410 0.300000 -0.257340
92 0.358783 0.300000 -0.373752
93 0.407294 0.300000 -0.506282
94 0.402894 0.257610 -0.553754
95 0.445258 0.071196 -0.627658
96 0.476088 -0.120556 -0.770493
97 0.505922 -0.240466 -0.789984
98 0.547569 -0.300002 -0.785904
99 0.571822 -0.300000 -0.873955
100 0.677756 -0.300000 -0.680585
101 0.685890 -0.300000 -0.722145
102 0.722926 -0.300006 -0.515383
103 0.666352 -0.278452 -0.534140
104 0.613680 -0.178147 -0.388440
105 0.554086 -0.149571 -0.428156
106 0.566574 -0.111197 -0.366632
107 0.569375 -0.106211 -0.466594
108 0.561169 -0.120008 -0.480359
109 0.549713 -0.149923 -0.541523
110 0.564922 -0.176305 -0.343194
111 0.566587 -0.217203 -0.579733
112 0.604009 -0.230210 -0.563877
113 0.618568 -0.263242 -0.674945
114 0.636362 -0.279483 -0.615395
115 0.610411 -0.299950 -0.731333
116 0.642767 -0.298738 -0.577428
117 0.605581 -0.300002 -0.641775
118 0.620576 -0.225097 -0.440374
119 0.577400 -0.193869 -0.464851
120 0.560278 -0.128173 -0.308494
121 0.527129 -0.112384 -0.324774
122 0.526203 -0.090162 -0.253044
123 0.508182 -0.093740 -0.329367
124 0.495480 -0.098547 -0.309668
125 0.472691 -0.114066 -0.352709
126 0.469888 -0.126610 -0.324391
127 0.418628 -0.132643 -0.368080
128 0.373108 -0.130289 -0.323928
129 0.323539 -0.133290 -0.375033
130 0.287386 -0.130020 -0.326229
131 0.249304 -0.127420 -0.361812
132 0.221090 -0.129932 -0.322463
133 0.192578 -0.133482 -0.349003
134 0.174241 -0.145921 -0.302881
135 0.155838 -0.163297 -0.322253
136 0.151525 -0.189270 -0.284648
137 0.146846 -0.224498 -0.323691
138 0.165078 -0.266511 -0.291269
139 0.174602 -0.300015 -0.363860
140 0.211293 -0.300046 -0.285733
141 0.221750 -0.300065 -0.392156
142 0.280434 -0.300000 -0.282906
143 0.320309 -0.300001 -0.361710
144 0.415390 -0.300007 -0.269898
145 0.542796 -0.300023 -0.326679
146 0.862253 -0.267269 -0.218216
147 0.999998 -0.022857 -0.187022
148 1.000000 0.300000 -0.002966
149 0.905920 0.300008 0.143008
150 0.598308 0.300000 0.243554
151 0.472660 0.300000 0.071376
152 0.354624 0.300000 -0.031120
153 0.338683 0.300000 -0.114826
154 0.292973 0.300000 -0.106401
155 0.321674 0.300000 -0.125249
156 0.314884 0.256749 -0.101632
157 0.348444 0.135878 -0.101441
158 0.353934 0.018325 -0.122169
159 0.355000 -0.050732 -0.134389
160 0.351407 -0.103087 -0.141696
161 0.339993 -0.116450 -0.147221
162 0.353267 -0.112667 -0.076360
163 0.349891 -0.092104 -0.060876
164 0.363745 -0.069606 0.018858
165 0.358888 -0.041280 0.029797
166 0.362035 -0.022682 0.080821
167 0.354141 0.002177 0.088013
168 0.312354 0.012345 0.111090
169 0.268121 0.032301 0.108137
170 0.226011 0.042560 0.124661
171 0.189908 0.060741 0.137969
172 0.158219 0.071056 0.153150
173 0.134718 0.091845 0.171249
174 0.116596 0.109626 0.181600
175 0.108523 0.137571 0.201281
176 0.107271 0.168941 0.211795
177 0.120750 0.211502 0.239544
178 0.144263 0.261970 0.270088
179 0.180958 0.300003 0.305932
180 0.207465 0.300007 0.370165
181 0.254693 0.299962 0.364206
182 0.315244 0.300000 0.428383
183 0.396187 0.300002 0.412587
184 0.538819 0.300006 0.471578
185 0.848609 0.300035 0.469504
186 1.000000 0.080174 0.474145
187 0.999996 -0.233332 0.538131
188 0.999992 -0.300002 0.481005
189 0.989428 -0.300001 0.454805
190 0.910325 -0.300000 0.452669
191 0.908353 -0.300000 0.658838
192 0.915652 -0.161835 0.981882
193 0.802449 -0.009652 1.000000
194 0.793427 0.174074 1.000000
195 0.755086 0.300001 1.000000
196 0.657863 0.300000 1.000000
197 0.651684 0.300000 0.999952
198 0.648875 0.300000 0.999954
199 0.778211 0.300000 1.000000
200 0.824033 0.299999 1.000000
201 0.912716 0.299999 0.828728
202 0.894817 0.299999 0.808759
203 0.908902 0.299999 0.756250
204 0.854670 0.300003 0.746260
205 0.810623 0.300002 0.621884
206 0.743076 0.300003 0.589081
207 0.744573 0.299995 0.646308
208 0.721139 0.299991 0.711112
209 0.773383 0.300018 0.665809
