9 0.429222 0.009143 -0.051933 0.429222 0.009143 -0.051933 0.000000 0.000000 0.000000 0.000000 1 7.052207366e-05
10 0.431872 0.009605 0.150927 0.431872 0.009605 0.150927 0.000000 0.000000 0.000000 0.000000 1 4.531489685e-05
11 0.569263 0.082512 0.682410 0.569263 0.082512 0.682410 0.000000 0.000000 0.000000 0.000000 1 6.512505934e-05
12 0.643326 0.111886 0.740636 0.643326 0.111886 0.740636 0.000000 0.000000 0.000000 0.000000 1 5.172798410e-05
13 0.633383 0.137375 0.669048 0.633383 0.137375 0.669048 0.000000 0.000000 0.000000 0.000000 1 5.248188972e-05
14 0.598738 0.199775 0.645943 0.598738 0.199775 0.645943 0.000000 0.000000 0.000000 0.000000 1 6.584823132e-05
15 0.628007 0.251394 0.645865 0.628007 0.251394 0.645865 0.000000 0.000000 0.000000 0.000000 1 3.078719601e-05
16 0.621786 0.300000 0.699896 0.621786 0.300000 0.699896 0.000000 0.000000 0.000000 0.000000 1 5.382997915e-05
17 0.670325 0.295190 0.605145 0.670325 0.295190 0.605145 0.000000 0.000000 0.000000 0.000000 1 7.009599358e-05
18 0.655091 0.300000 0.682945 0.655091 0.300000 0.682945 0.000000 0.000000 0.000000 0.000000 1 5.364231765e-05
19 0.636822 0.279592 0.539995 0.662176 0.290724 0.561494 0.000000 0.000000 0.000000 0.038290 1 6.372220814e-04
20 0.582760 0.268610 0.534428 0.612125 0.282145 0.561357 0.000000 0.000000 0.000000 0.047972 1 2.341349609e-04
21 0.557897 0.206947 0.396109 0.603886 0.224006 0.428762 0.000000 0.000000 0.000000 0.076155 1 3.479467705e-04
22 0.516279 0.178149 0.350802 0.572177 0.197437 0.388784 0.000000 0.000000 0.000000 0.097694 1 2.589309588e-04
23 0.491296 0.130907 0.248367 0.592408 0.157848 0.299482 0.000000 0.000000 0.000000 0.170680 1 1.801792532e-04
24 0.451503 0.115276 0.279011 0.580672 0.148255 0.358833 0.000000 0.000000 0.000000 0.222448 1 1.793261617e-04
25 0.414955 0.095327 0.239004 0.584691 0.134320 0.336768 0.000000 0.000000 0.000000 0.290300 1 1.251990907e-04
26 0.372744 0.088586 0.246291 0.575524 0.136779 0.380278 0.000000 0.000000 0.000000 0.352340 1 2.188757062e-04
27 0.337507 0.077338 0.216088 0.593258 0.135942 0.379832 0.000000 0.000000 0.000000 0.431095 1 2.205939963e-04
28 0.300127 0.069791 0.208783 0.606100 0.140942 0.421633 0.000000 0.000000 0.000000 0.504822 1 1.494050957e-04
29 0.267836 0.063307 0.184145 0.640494 0.151391 0.440358 0.000000 0.000000 0.000000 0.581829 1 1.688669436e-04
30 0.235969 0.055773 0.166935 0.677820 0.160208 0.479518 0.000000 0.000000 0.000000 0.651870 1 1.824577339e-04
31 0.207818 0.052218 0.148113 0.730703 0.183602 0.520777 0.000000 0.000000 0.000000 0.715592 1 2.565961331e-04
32 0.181340 0.045935 0.129503 0.790076 0.200133 0.564232 0.000000 0.000000 0.000000 0.770478 1 1.793680713e-04
33 0.158517 0.042058 0.111612 0.862551 0.228852 0.607321 0.000000 0.000000 0.000000 0.816223 1 2.123471349e-04
34 0.137228 0.036682 0.094911 0.940362 0.251366 0.650384 0.000000 0.000000 0.000000 0.854069 1 2.073710784e-04
35 0.118943 0.034091 0.082783 1.000000 0.286615 0.695991 0.000000 0.000000 0.000000 0.881057 1 2.112560906e-04
36 0.102306 0.030692 0.075568 1.000000 0.300000 0.738649 0.000000 0.000000 0.000000 0.897694 1 2.606282942e-04
37 0.088499 0.026550 0.069371 1.000000 0.300000 0.783860 0.000000 0.000000 0.000000 0.911501 1 2.278080210e-04
38 0.076255 0.022877 0.062659 1.000000 0.300000 0.821704 0.000000 0.000000 0.000000 0.923745 1 4.267878830e-05
39 0.065953 0.019786 0.056880 1.000000 0.300000 0.862428 0.000000 0.000000 0.000000 0.934047 1 3.396021202e-05
40 0.057237 0.017171 0.051233 1.000000 0.300000 0.895104 0.000000 0.000000 0.000000 0.942763 1 1.386040822e-04
41 0.049786 0.014936 0.046382 1.000000 0.300000 0.931620 0.000000 0.000000 0.000000 0.950214 1 6.951717660e-05
42 0.043803 0.013141 0.042055 1.000000 0.300000 0.960081 0.000000 0.000000 0.000000 0.956197 1 1.341910101e-04
43 0.038528 0.011558 0.038226 1.000000 0.300000 0.992157 0.000000 0.000000 0.000000 0.961472 1 1.298929565e-04
44 0.034441 0.010332 0.034441 1.000000 0.300000 1.000000 0.000000 0.000000 0.000000 0.965559 1 1.673703082e-04
45 0.030632 0.009189 0.030632 1.000000 0.300000 1.000000 0.000000 0.000000 0.000000 0.969368 1 1.237629913e-04
46 0.027949 0.008385 0.027949 1.000000 0.300000 1.000000 0.000000 0.000000 0.000000 0.972051 1 1.352583058e-04
47 0.025357 0.007607 0.025357 1.000000 0.300000 1.000000 0.000000 0.000000 0.000000 0.974643 1 1.321481541e-04
48 0.023567 0.007070 0.023567 1.000000 0.300000 1.000000 0.000000 0.000000 0.000000 0.976433 1 1.306622289e-04
49 0.021684 0.006505 0.021684 1.000000 0.300000 1.000000 0.000000 0.000000 0.000000 0.978316 1 1.323763281e-04
50 0.020534 0.006160 0.020534 1.000000 0.300000 1.000000 0.000000 0.000000 0.000000 0.979466 1 9.711366147e-05
51 0.019117 0.005735 0.019117 1.000000 0.300000 1.000000 0.000000 0.000000 0.000000 0.980883 1 1.673279330e-04
52 0.018345 0.005503 0.018345 1.000000 0.300000 1.000000 0.000000 0.000000 0.000000 0.981655 1 9.543821216e-05
53 0.017279 0.005184 0.017279 1.000000 0.300000 1.000000 0.000000 0.000000 0.000000 0.982721 1 1.309481449e-04
54 0.016820 0.005046 0.016820 1.000000 0.300000 1.000000 0.000000 0.000000 0.000000 0.983180 1 1.071849838e-04
55 0.015976 0.004793 0.015976 1.000000 0.300000 1.000000 0.000000 0.000000 0.000000 0.984024 1 9.150197729e-05
56 0.015746 0.004724 0.015746 1.000000 0.300000 1.000000 0.000000 0.000000 0.000000 0.984254 1 9.352620691e-05
57 0.015096 0.004529 0.015096 1.000000 0.300000 1.000000 0.000000 0.000000 0.000000 0.984904 1 9.215762839e-05
58 0.015042 0.004513 0.015042 1.000000 0.300000 1.000000 0.000000 0.000000 0.000000 0.984958 1 9.332923219e-05
59 0.014525 0.004357 0.014525 1.000000 0.300000 1.000000 0.000000 0.000000 0.000000 0.985475 1 9.146984667e-05
60 0.014589 0.004377 0.014589 1.000000 0.300000 1.000000 0.000000 0.000000 0.000000 0.985411 1 9.455811232e-05
61 0.014157 0.004247 0.014157 1.000000 0.300000 1.000000 0.000000 0.000000 0.000000 0.985843 1 9.257812053e-05
62 0.014299 0.004290 0.014299 1.000000 0.300000 1.000000 0.000000 0.000000 0.000000 0.985701 1 9.306194261e-05
63 0.013921 0.004176 0.013921 1.000000 0.300000 1.000000 0.000000 0.000000 0.000000 0.986079 1 1.158332452e-04
64 0.014116 0.004235 0.014116 1.000000 0.300000 1.000000 0.000000 0.000000 0.000000 0.985884 1 4.700804129e-05
65 0.013772 0.004132 0.013772 1.000000 0.300000 1.000000 0.000000 0.000000 0.000000 0.986228 1 9.420001879e-05
66 0.014005 0.004201 0.013770 1.000000 0.300000 0.983239 0.000000 0.000000 0.000000 0.985995 1 8.670985699e-05
67 0.013683 0.004105 0.013024 1.000000 0.300000 0.951807 0.000000 0.000000 0.000000 0.986317 1 9.605195373e-05
68 0.013936 0.004181 0.012703 1.000000 0.300000 0.911585 0.000000 0.000000 0.000000 0.986064 1 9.254738688e-05
69 0.013736 0.004121 0.012008 1.000000 0.300000 0.874171 0.000000 0.000000 0.000000 0.986264 1 9.231595322e-05
70 0.014069 0.004221 0.011640 1.000000 0.300000 0.827329 0.000000 0.000000 0.000000 0.985931 1 1.164507121e-04
71 0.013769 0.004131 0.010785 1.000000 0.300000 0.783301 0.000000 0.000000 0.000000 0.986231 1 2.397503704e-05
72 0.013994 0.004198 0.010218 1.000000 0.300000 0.730164 0.000000 0.000000 0.000000 0.986006 1 6.754603237e-05
73 0.013734 0.004120 0.009332 1.000000 0.300000 0.679480 0.000000 0.000000 0.000000 0.986266 1 2.750800923e-05
74 0.014041 0.004212 0.008695 1.000000 0.300000 0.619235 0.000000 0.000000 0.000000 0.985959 1 3.781402484e-05
75 0.013896 0.004169 0.007807 1.000000 0.300000 0.561860 0.000000 0.000000 0.000000 0.986104 1 2.989312634e-05
76 0.014159 0.004248 0.007009 1.000000 0.300000 0.495049 0.000000 0.000000 0.000000 0.985841 1 5.086977035e-05
77 0.013922 0.004177 0.005989 1.000000 0.300000 0.430158 0.000000 0.000000 0.000000 0.986078 1 9.043375030e-05
78 0.014131 0.004239 0.005029 1.000000 0.300000 0.355866 0.000000 0.000000 0.000000 0.985869 1 4.919804633e-05
79 0.013970 0.004191 0.003966 1.000000 0.300000 0.283909 0.000000 0.000000 0.000000 0.986030 1 8.956296369e-05
80 0.014160 0.004248 0.002861 1.000000 0.300000 0.202027 0.000000 0.000000 0.000000 0.985840 1 2.925191075e-05
81 0.013982 0.004195 0.001704 1.000000 0.300000 0.121871 0.000000 0.000000 0.000000 0.986018 1 1.075449400e-04
82 0.014136 0.004241 0.000449 1.000000 0.300000 0.031744 0.000000 0.000000 0.000000 0.985864 1 9.396392852e-05
83 0.014000 0.004200 -0.000794 1.000000 0.300000 -0.056748 0.000000 0.000000 0.000000 0.986000 1 5.267793313e-05
84 0.014229 0.004269 -0.002217 1.000000 0.300000 -0.155806 0.000000 0.000000 0.000000 0.985771 1 1.178500243e-04
85 0.014137 0.004241 -0.003576 1.000000 0.300000 -0.252953 0.000000 0.000000 0.000000 0.985863 1 5.255779251e-05
86 0.014220 0.004266 -0.005130 1.000000 0.300000 -0.360716 0.000000 0.000000 0.000000 0.985780 1 5.296198651e-05
87 0.014129 0.004239 -0.006592 1.000000 0.300000 -0.466557 0.000000 0.000000 0.000000 0.985871 1 3.919005394e-05
88 0.014196 0.004259 -0.008281 1.000000 0.300000 -0.583311 0.000000 0.000000 0.000000 0.985804 1 5.540205166e-05
89 0.014285 0.004285 -0.009973 1.000000 0.300000 -0.698159 0.000000 0.000000 0.000000 0.985715 1 2.353917807e-05
90 0.014321 0.004296 -0.011800 1.000000 0.300000 -0.823975 0.000000 0.000000 0.000000 0.985679 1 3.928830847e-05
91 0.014384 0.004315 -0.013640 1.000000 0.300000 -0.948284 0.000000 0.000000 0.000000 0.985616 1 8.007092401e-05
92 0.014352 0.004306 -0.014352 1.000000 0.300000 -1.000000 0.000000 0.000000 0.000000 0.985648 1 9.001605213e-05
93 0.014473 0.004342 -0.014473 1.000000 0.300000 -1.000000 0.000000 0.000000 0.000000 0.985527 1 9.129708633e-05
94 0.014492 0.004348 -0.014492 1.000000 0.300000 -1.000000 0.000000 0.000000 0.000000 0.985508 1 1.051737927e-04
95 0.014612 0.004384 -0.014612 1.000000 0.300000 -1.000000 0.000000 0.000000 0.000000 0.985388 1 1.159636304e-04
96 0.014508 0.004352 -0.014508 1.000000 0.300000 -1.000000 0.000000 0.000000 0.000000 0.985492 1 9.699398652e-05
97 0.014561 0.004368 -0.014561 1.000000 0.300000 -1.000000 0.000000 0.000000 0.000000 0.985439 1 1.193559729e-04
98 0.014450 0.004335 -0.014450 1.000000 0.300000 -1.000000 0.000000 0.000000 0.000000 0.985550 1 1.057963818e-04
99 0.014614 0.004384 -0.014614 1.000000 0.300000 -1.000000 0.000000 0.000000 0.000000 0.985386 1 8.606305346e-05
100 0.014468 0.004341 -0.014468 1.000000 0.300000 -1.000000 0.000000 0.000000 0.000000 0.985532 1 3.805058077e-05
101 0.014551 0.004365 -0.014551 1.000000 0.300000 -1.000000 0.000000 0.000000 0.000000 0.985449 1 8.859392256e-05
102 0.014420 0.004326 -0.014420 1.000000 0.300000 -1.000000 0.000000 0.000000 0.000000 0.985580 1 9.432435036e-05
103 0.014501 0.004350 -0.014501 1.000000 0.300000 -1.000000 0.000000 0.000000 0.000000 0.985499 1 1.169750467e-04
104 0.014485 0.004346 -0.014485 1.000000 0.300000 -1.000000 0.000000 0.000000 0.000000 0.985515 1 9.605707601e-05
105 0.014546 0.004364 -0.014546 1.000000 0.300000 -1.000000 0.000000 0.000000 0.000000 0.985454 1 1.164986752e-04
106 0.014427 0.004328 -0.014427 1.000000 0.300000 -1.000000 0.000000 0.000000 0.000000 0.985573 1 9.526172653e-05
107 0.014497 0.004349 -0.014497 1.000000 0.300000 -1.000000 0.000000 0.000000 0.000000 0.985503 1 9.217904881e-05
108 0.014080 0.002190 -0.014080 1.000000 0.155571 -1.000000 0.000000 0.000000 0.000000 0.985920 1 1.790500246e-04
109 0.013929 0.000091 -0.013929 1.000000 0.006563 -1.000000 0.000000 0.000000 0.000000 0.986071 1 3.518583253e-05
110 0.013582 -0.002330 -0.013582 1.000000 -0.171573 -1.000000 0.000000 0.000000 0.000000 0.986418 1 2.431273460e-04
111 0.013315 -0.003995 -0.013315 1.000000 -0.300000 -1.000000 0.000000 0.000000 0.000000 0.986685 1 1.313379034e-04
112 0.013437 -0.004031 -0.013437 1.000000 -0.300000 -1.000000 0.000000 0.000000 0.000000 0.986563 1 5.450099707e-05
113 0.013266 -0.003980 -0.013266 1.000000 -0.300000 -1.000000 0.000000 0.000000 0.000000 0.986734 1 8.988380432e-05
114 0.013516 -0.004055 -0.013516 1.000000 -0.300000 -1.000000 0.000000 0.000000 0.000000 0.986484 1 7.914379239e-05
115 0.013354 -0.004006 -0.013354 1.000000 -0.300000 -1.000000 0.000000 0.000000 0.000000 0.986646 1 9.364727885e-05
116 0.013509 -0.004053 -0.013509 1.000000 -0.300000 -1.000000 0.000000 0.000000 0.000000 0.986491 1 5.990499631e-05
117 0.013352 -0.004006 -0.013352 1.000000 -0.300000 -1.000000 0.000000 0.000000 0.000000 0.986648 1 1.278310083e-04
118 0.013569 -0.004071 -0.013569 1.000000 -0.300000 -1.000000 0.000000 0.000000 0.000000 0.986431 1 4.725297913e-05
119 0.013483 -0.004045 -0.013483 1.000000 -0.300000 -1.000000 0.000000 0.000000 0.000000 0.986517 1 9.645475075e-05
120 0.013667 -0.004100 -0.013667 1.000000 -0.300000 -1.000000 0.000000 0.000000 0.000000 0.986333 1 5.470495671e-05
121 0.013482 -0.004045 -0.013482 1.000000 -0.300000 -1.000000 0.000000 0.000000 0.000000 0.986518 1 9.034899995e-05
122 0.013592 -0.004078 -0.013592 1.000000 -0.300000 -1.000000 0.000000 0.000000 0.000000 0.986408 1 2.486305311e-05
123 0.013426 -0.004028 -0.013426 1.000000 -0.300000 -1.000000 0.000000 0.000000 0.000000 0.986574 1 9.628478438e-05
124 0.013645 -0.004093 -0.013645 1.000000 -0.300000 -1.000000 0.000000 0.000000 0.000000 0.986355 1 5.298200995e-05
125 0.013451 -0.004035 -0.013451 1.000000 -0.300000 -1.000000 0.000000 0.000000 0.000000 0.986549 1 7.077492774e-05
126 0.013585 -0.004075 -0.013585 1.000000 -0.300000 -1.000000 0.000000 0.000000 0.000000 0.986415 1 5.485909060e-05
127 0.013409 -0.004023 0.013409 1.000000 -0.300000 1.000000 0.000000 0.000000 0.000000 0.986591 1 1.152958721e-04
128 0.013595 -0.004078 0.013595 1.000000 -0.300000 1.000000 0.000000 0.000000 0.000000 0.986405 1 6.715487689e-05
129 0.013036 -0.003911 0.013036 1.000000 -0.300000 1.000000 0.000000 0.000000 0.000000 0.986964 1 1.176460646e-04
130 0.013340 -0.004002 0.013340 1.000000 -0.300000 1.000000 0.000000 0.000000 0.000000 0.986660 1 9.454786777e-05
131 0.012801 -0.003840 0.012801 1.000000 -0.300000 1.000000 0.000000 0.000000 0.000000 0.987199 1 1.180237159e-04
132 0.013225 -0.003968 0.013225 1.000000 -0.300000 1.000000 0.000000 0.000000 0.000000 0.986775 1 4.810001701e-05
133 0.012671 -0.003801 0.012671 1.000000 -0.300000 1.000000 0.000000 0.000000 0.000000 0.987329 1 4.718592390e-05
134 0.013192 -0.003958 0.013192 1.000000 -0.300000 1.000000 0.000000 0.000000 0.000000 0.986808 1 9.197788313e-05
135 0.012664 -0.003799 0.012664 1.000000 -0.300000 1.000000 0.000000 0.000000 0.000000 0.987336 1 9.265216067e-05
136 0.013125 -0.003938 0.013125 1.000000 -0.300000 1.000000 0.000000 0.000000 0.000000 0.986875 1 9.530177340e-05
137 0.012541 -0.003762 0.012541 1.000000 -0.300000 1.000000 0.000000 0.000000 0.000000 0.987459 1 1.171976328e-04
138 0.013016 -0.003905 0.013016 1.000000 -0.300000 1.000000 0.000000 0.000000 0.000000 0.986984 1 9.172828868e-05
139 0.012530 -0.003759 0.012530 1.000000 -0.300000 1.000000 0.000000 0.000000 0.000000 0.987470 1 3.324775025e-05
140 0.013003 -0.003901 0.013003 1.000000 -0.300000 1.000000 0.000000 0.000000 0.000000 0.986997 1 9.566824883e-05
141 0.012435 -0.003730 0.012435 1.000000 -0.300000 1.000000 0.000000 0.000000 0.000000 0.987565 1 9.097997099e-05
142 0.012925 -0.003877 0.012925 1.000000 -0.300000 1.000000 0.000000 0.000000 0.000000 0.987075 1 1.205382869e-04
143 0.012563 -0.002768 0.012563 1.000000 -0.220332 1.000000 0.000000 0.000000 0.000000 0.987437 1 1.689069904e-04
144 0.013334 -0.001821 0.013334 1.000000 -0.136575 1.000000 0.000000 0.000000 0.000000 0.986666 1 1.331502572e-04
145 0.013022 -0.000460 0.013022 1.000000 -0.035304 1.000000 0.000000 0.000000 0.000000 0.986978 1 1.328447834e-04
146 0.013772 0.000738 0.013772 1.000000 0.053603 1.000000 0.000000 0.000000 0.000000 0.986228 1 1.440369524e-04
147 0.013491 0.002140 0.013491 1.000000 0.158621 1.000000 0.000000 0.000000 0.000000 0.986509 1 1.811580732e-04
148 0.014193 0.003549 0.014193 1.000000 0.250061 1.000000 0.000000 0.000000 0.000000 0.985807 1 1.719081774e-04
149 0.013928 0.004178 0.013928 1.000000 0.300000 1.000000 0.000000 0.000000 0.000000 0.986072 1 1.889732666e-04
150 0.014304 0.004291 0.014304 1.000000 0.300000 1.000000 0.000000 0.000000 0.000000 0.985696 1 1.167505980e-04
151 0.013956 0.004187 0.013956 1.000000 0.300000 1.000000 0.000000 0.000000 0.000000 0.986044 1 9.378790855e-05
152 0.014286 0.004286 0.014286 1.000000 0.300000 1.000000 0.000000 0.000000 0.000000 0.985714 1 8.505536243e-05
153 0.013885 0.004165 0.013885 1.000000 0.300000 1.000000 0.000000 0.000000 0.000000 0.986115 1 9.514996782e-05
154 0.014242 0.004273 0.014242 1.000000 0.300000 1.000000 0.000000 0.000000 0.000000 0.985758 1 6.965920329e-05
155 0.013834 0.004150 0.013834 1.000000 0.300000 1.000000 0.000000 0.000000 0.000000 0.986166 1 8.562160656e-05
156 0.014188 0.004257 0.014188 1.000000 0.300000 1.000000 0.000000 0.000000 0.000000 0.985812 1 9.017484263e-05
157 0.013809 0.004143 0.013809 1.000000 0.300000 1.000000 0.000000 0.000000 0.000000 0.986191 1 9.495904669e-05
158 0.014199 0.004260 0.014199 1.000000 0.300000 1.000000 0.000000 0.000000 0.000000 0.985801 1 9.135110304e-05
159 0.013825 0.004147 0.013825 1.000000 0.300000 1.000000 0.000000 0.000000 0.000000 0.986175 1 9.230012074e-05
160 0.014185 0.004255 0.014185 1.000000 0.300000 1.000000 0.000000 0.000000 0.000000 0.985815 1 9.264796972e-05
161 0.013793 0.004138 0.013793 1.000000 0.300000 1.000000 0.000000 0.000000 0.000000 0.986207 1 9.105959907e-05
162 0.014212 0.004264 0.014212 1.000000 0.300000 1.000000 0.000000 0.000000 0.000000 0.985788 1 8.992198855e-05
163 0.013824 0.004147 0.013824 1.000000 0.300000 1.000000 0.000000 0.000000 0.000000 0.986176 1 9.698374197e-05
164 0.014240 0.004272 0.014240 1.000000 0.300000 1.000000 0.000000 0.000000 0.000000 0.985760 1 2.321414649e-05
165 0.013833 0.004150 0.013833 1.000000 0.300000 1.000000 0.000000 0.000000 0.000000 0.986167 1 1.185317524e-04
166 0.014234 0.004270 0.014234 1.000000 0.300000 1.000000 0.000000 0.000000 0.000000 0.985766 1 9.270198643e-05
167 0.013840 0.004152 0.013840 1.000000 0.300000 1.000000 0.000000 0.000000 0.000000 0.986160 1 1.186509617e-04
168 0.014273 0.004282 0.014273 1.000000 0.300000 1.000000 0.000000 0.000000 0.000000 0.985727 1 9.102188051e-05
169 0.013877 0.004163 0.013877 1.000000 0.300000 1.000000 0.000000 0.000000 0.000000 0.986123 1 9.391130880e-05
170 0.014276 0.004283 0.014276 1.000000 0.300000 1.000000 0.000000 0.000000 0.000000 0.985724 1 9.103305638e-05
171 0.013857 0.004157 0.013857 1.000000 0.300000 1.000000 0.000000 0.000000 0.000000 0.986143 1 9.045703337e-05
172 0.014315 0.004295 0.014315 1.000000 0.300000 1.000000 0.000000 0.000000 0.000000 0.985685 1 1.161037944e-04
173 0.013897 0.004169 0.013897 1.000000 0.300000 1.000000 0.000000 0.000000 0.000000 0.986103 1 9.750528261e-05
174 0.014351 0.004305 0.014351 1.000000 0.300000 1.000000 0.000000 0.000000 0.000000 0.985649 1 9.131524712e-05
175 0.013913 0.004174 0.013913 1.000000 0.300000 1.000000 0.000000 0.000000 0.000000 0.986087 1 9.596813470e-05
176 0.014349 0.004305 0.014349 1.000000 0.300000 1.000000 0.000000 0.000000 0.000000 0.985651 1 2.424698323e-05
177 0.013922 0.004176 0.013922 1.000000 0.300000 1.000000 0.000000 0.000000 0.000000 0.986078 1 6.320001557e-05
178 0.014447 0.004334 0.014447 1.000000 0.300000 1.000000 0.000000 0.000000 0.000000 0.985553 1 5.632266402e-05
179 0.014064 0.004219 0.014064 1.000000 0.300000 1.000000 0.000000 0.000000 0.000000 0.985936 1 9.740469977e-05
180 0.014569 0.004371 0.014569 1.000000 0.300000 1.000000 0.000000 0.000000 0.000000 0.985431 1 9.030010551e-05
181 0.014171 0.004251 0.014171 1.000000 0.300000 1.000000 0.000000 0.000000 0.000000 0.985829 1 1.161503606e-04
182 0.014694 0.004408 0.014694 1.000000 0.300000 1.000000 0.000000 0.000000 0.000000 0.985306 1 1.094560139e-04
183 0.014278 0.004283 0.014278 1.000000 0.300000 1.000000 0.000000 0.000000 0.000000 0.985722 1 8.721603081e-05
184 0.014746 0.004424 0.014746 1.000000 0.300000 1.000000 0.000000 0.000000 0.000000 0.985254 1 9.386427701e-05
185 0.014212 0.004264 0.014212 1.000000 0.300000 1.000000 0.000000 0.000000 0.000000 0.985788 1 9.573670104e-05
186 0.014671 0.004401 0.014671 1.000000 0.300000 1.000000 0.000000 0.000000 0.000000 0.985329 1 8.816504851e-05
187 0.014156 0.004247 0.014156 1.000000 0.300000 1.000000 0.000000 0.000000 0.000000 0.985844 1 9.120116010e-05
188 0.014927 0.005159 0.017198 0.867996 0.300000 1.000000 0.000000 0.000000 0.000000 0.982802 1 1.698723063e-04
189 0.014825 0.006214 0.020715 0.715651 0.300000 1.000000 0.000000 0.000000 0.000000 0.979285 1 1.348122023e-04
190 0.015986 0.008396 0.027987 0.571184 0.300000 1.000000 0.000000 0.000000 0.000000 0.972013 1 3.291107714e-05
191 0.016568 0.012050 0.040166 0.412495 0.300000 1.000000 0.000000 0.000000 0.000000 0.959834 1 7.065711543e-05
192 0.020605 0.022989 0.076631 0.268886 0.300000 1.000000 0.000000 0.000000 0.000000 0.923369 1 2.247560769e-04
193 0.081248 0.206775 0.689252 0.117878 0.300000 1.000000 0.000000 0.000000 0.000000 0.310748 1 6.304821000e-05
194 0.027523 0.040134 0.133779 0.205734 0.300000 1.000000 0.000000 0.000000 0.000000 0.866221 1 2.542361617e-04
195 0.011121 0.007989 0.026629 0.417624 0.300000 1.000000 0.000000 0.000000 0.000000 0.973371 1 3.784042783e-04
196 0.008749 0.006743 0.022477 0.389215 0.300000 1.000000 0.000000 0.000000 0.000000 0.977523 1 4.690219648e-04
197 0.189305 0.300000 1.000000 0.189305 0.300000 1.000000 0.000000 0.000000 0.000000 0.000000 1 1.460569911e-04
198 0.003611 0.003385 0.011282 0.320060 0.300000 1.000000 0.000000 0.000000 0.000000 0.988718 1 3.436626866e-04
199 0.000000 0.000000 0.000000 0.694500 0.300000 1.000000 0.000000 0.000000 0.000000 1.000000 0 1.080831047e-03
200 0.000000 0.000000 0.000000 0.684515 0.300000 1.000000 0.000000 0.000000 0.000000 1.000000 0 1.582457684e-03
201 0.000000 0.000000 0.000000 0.434498 0.300000 -1.000000 0.000000 0.000000 0.000000 1.000000 0 1.085591037e-03
202 0.204615 0.300000 -1.000000 0.204615 0.300000 -1.000000 0.000000 0.000000 0.000000 0.000000 1 5.451636389e-05
203 -0.453441 0.300000 -1.000000 -0.453441 0.300000 -1.000000 0.000000 0.000000 0.000000 0.000000 1 5.062110722e-05
204 -1.000000 0.300000 -1.000000 -1.000000 0.300000 -1.000000 0.000000 0.000000 0.000000 0.000000 1 4.858244210e-05
205 -1.000000 0.300000 -1.000000 -1.000000 0.300000 -1.000000 0.000000 0.000000 0.000000 0.000000 1 5.460996181e-05
206 -1.000000 0.300000 -1.000000 -1.000000 0.300000 -1.000000 0.000000 0.000000 0.000000 0.000000 1 5.194311962e-05
207 -1.000000 0.300000 -1.000000 -1.000000 0.300000 -1.000000 0.000000 0.000000 0.000000 0.000000 1 5.168607458e-05
208 -1.000000 0.300000 -1.000000 -1.000000 0.300000 -1.000000 0.000000 0.000000 0.000000 0.000000 1 6.702495739e-05
209 -1.000000 0.300000 -1.000000 -1.000000 0.300000 -1.000000 0.000000 0.000000 0.000000 0.000000 1 5.496013910e-05
