9 0.429222 0.009143 -0.051933
10 0.431872 0.009605 0.150927
11 0.569263 0.082512 0.682410
12 0.643326 0.111886 0.740636
13 0.633383 0.137375 0.669048
14 0.598738 0.199775 0.645943
15 0.628007 0.251394 0.645865
16 0.621786 0.303425 0.699896
17 0.670325 0.295190 0.605145
18 0.655091 0.315058 0.682945
19 0.662176 0.290724 0.561494
20 0.610185 0.279813 0.557409
21 0.593578 0.220220 0.421333
22 0.552928 0.190137 0.365496
23 0.564451 0.152293 0.268991
24 0.539134 0.140906 0.332679
25 0.519699 0.125694 0.296079
26 0.482254 0.125285 0.318161
27 0.472958 0.116786 0.278025
28 0.445954 0.115643 0.299822
29 0.442772 0.116769 0.278253
30 0.426585 0.116405 0.299435
31 0.429202 0.121982 0.280828
32 0.419128 0.121357 0.296917
33 0.423752 0.127567 0.273822
34 0.415852 0.126050 0.287607
35 0.420967 0.130735 0.260382
36 0.412526 0.126360 0.274930
37 0.414538 0.128113 0.242584
38 0.403642 0.120490 0.253125
39 0.403757 0.119570 0.217209
40 0.391827 0.109013 0.222470
41 0.390800 0.106582 0.187455
42 0.379053 0.093939 0.187949
43 0.376714 0.091536 0.158871
44 0.365251 0.077946 0.155008
45 0.362192 0.077271 0.133771
46 0.352994 0.064291 0.128270
47 0.353233 0.066121 0.112108
48 0.347811 0.053660 0.106530
49 0.348335 0.057063 0.095019
50 0.343751 0.045153 0.086983
51 0.344084 0.049665 0.081043
52 0.340356 0.037788 0.072231
53 0.340675 0.042658 0.064767
54 0.337565 0.031434 0.053751
55 0.338124 0.036337 0.046217
56 0.335392 0.024951 0.034022
57 0.336269 0.029738 0.026448
58 0.334286 0.018168 0.014199
59 0.335679 0.022721 0.006303
60 0.334480 0.011003 -0.005664
61 0.336196 0.015489 -0.013630
62 0.336051 0.002816 -0.026342
63 0.337296 0.006304 -0.035027
64 0.338076 -0.007232 -0.049255
65 0.339383 -0.003798 -0.059122
66 0.340712 -0.016866 -0.073131
67 0.342249 -0.013123 -0.082910
68 0.344299 -0.025979 -0.096445
69 0.345450 -0.022737 -0.106439
70 0.348794 -0.036036 -0.119613
71 0.350701 -0.032905 -0.131785
72 0.355164 -0.045339 -0.143325
73 0.357487 -0.042007 -0.157311
74 0.362312 -0.053610 -0.166036
75 0.363787 -0.051269 -0.180459
76 0.369854 -0.063523 -0.189890
77 0.372472 -0.061288 -0.207809
78 0.379443 -0.072968 -0.215005
79 0.381575 -0.071229 -0.234541
80 0.389448 -0.082993 -0.240662
81 0.392271 -0.082636 -0.267548
82 0.400551 -0.094284 -0.270018
83 0.403003 -0.095739 -0.301038
84 0.412885 -0.107954 -0.298673
85 0.416589 -0.111773 -0.336818
86 0.428751 -0.124472 -0.329898
87 0.433638 -0.130383 -0.372889
88 0.448907 -0.140559 -0.353865
89 0.455203 -0.149095 -0.405924
90 0.475357 -0.156978 -0.380280
91 0.483952 -0.169407 -0.445808
92 0.506722 -0.176532 -0.411926
93 0.514335 -0.195259 -0.502049
94 0.536769 -0.199049 -0.450931
95 0.540835 -0.224278 -0.555581
96 0.569927 -0.224202 -0.485095
97 0.567224 -0.252420 -0.611252
98 0.596000 -0.240149 -0.520048
99 0.580614 -0.261982 -0.639686
100 0.602711 -0.230938 -0.524123
101 0.582385 -0.231228 -0.596115
102 0.592539 -0.192287 -0.477618
103 0.574839 -0.191372 -0.542527
104 0.585597 -0.172296 -0.469136
105 0.574304 -0.183520 -0.554494
106 0.585182 -0.181379 -0.505067
107 0.578138 -0.204172 -0.590808
108 0.595251 -0.210747 -0.543810
109 0.591934 -0.240844 -0.634161
110 0.614167 -0.245606 -0.377815
111 0.598909 -0.278856 -0.635978
112 0.629787 -0.259201 -0.563232
113 0.622021 -0.275564 -0.672520
114 0.621446 -0.261051 -0.572332
115 0.585654 -0.279949 -0.621103
116 0.625553 -0.233374 -0.467972
117 0.601132 -0.224296 -0.554771
118 0.585716 -0.171490 -0.423608
119 0.551751 -0.161954 -0.429672
120 0.563120 -0.133000 -0.321058
121 0.546541 -0.137533 -0.404994
122 0.539167 -0.132992 -0.354539
123 0.514073 -0.148015 -0.411254
124 0.511140 -0.146679 -0.349778
125 0.491082 -0.160540 -0.398545
126 0.494926 -0.157887 -0.334863
127 0.481937 -0.170717 -0.391952
128 0.491534 -0.168819 -0.329317
129 0.481351 -0.179521 -0.387279
130 0.491590 -0.174607 -0.315228
131 0.479871 -0.184918 -0.375644
132 0.490556 -0.177445 -0.293737
133 0.476374 -0.185083 -0.355491
134 0.485133 -0.172745 -0.266386
135 0.468248 -0.177045 -0.323809
136 0.477748 -0.159127 -0.229922
137 0.460567 -0.157838 -0.280312
138 0.466313 -0.137458 -0.191161
139 0.447336 -0.130462 -0.231539
140 0.445487 -0.111480 -0.153469
141 0.423666 -0.100115 -0.182528
142 0.414718 -0.085028 -0.122954
143 0.392142 -0.072092 -0.141682
144 0.380976 -0.063020 -0.101301
145 0.363050 -0.051091 -0.110416
146 0.358807 -0.049785 -0.087788
147 0.351544 -0.039760 -0.097211
148 0.351276 -0.044986 -0.087433
149 0.347870 -0.037210 -0.092431
150 0.349511 -0.045705 -0.087493
151 0.346336 -0.039458 -0.090534
152 0.346816 -0.046860 -0.080646
153 0.343476 -0.038924 -0.077807
154 0.345154 -0.045119 -0.065105
155 0.341364 -0.036436 -0.061427
156 0.342477 -0.040376 -0.043062
157 0.339126 -0.029710 -0.035935
158 0.341841 -0.033764 -0.019877
159 0.339678 -0.022851 -0.015777
160 0.341287 -0.026128 -0.003484
161 0.338008 -0.015032 0.003017
162 0.340356 -0.019024 0.015342
163 0.339867 -0.006569 0.022971
164 0.342886 -0.010372 0.034744
165 0.341624 0.001496 0.044510
166 0.342899 -0.001955 0.055568
167 0.343310 0.011463 0.066770
168 0.345793 0.007977 0.079684
169 0.346954 0.020895 0.092461
170 0.348820 0.017491 0.104739
171 0.349694 0.029714 0.116064
172 0.352415 0.025548 0.129223
173 0.355436 0.038477 0.138550
174 0.358160 0.035668 0.153392
175 0.360554 0.048366 0.164701
176 0.361503 0.046701 0.179623
177 0.366389 0.060870 0.193436
178 0.369929 0.058939 0.210954
179 0.375902 0.072151 0.223158
180 0.378570 0.070234 0.239712
181 0.386281 0.084864 0.253345
182 0.390213 0.083947 0.275923
183 0.398241 0.098248 0.287371
184 0.401083 0.099109 0.311418
185 0.410447 0.113306 0.315615
186 0.414654 0.115388 0.344236
187 0.427664 0.129337 0.346561
188 0.433583 0.132106 0.377981
189 0.447060 0.144006 0.374413
190 0.451609 0.147553 0.406376
191 0.469828 0.158142 0.397834
192 0.476825 0.164600 0.442261
193 0.498624 0.174188 0.432518
194 0.506737 0.185649 0.487645
195 0.532148 0.193095 0.467936
196 0.541325 0.208451 0.536755
197 0.569651 0.213634 0.508978
198 0.576402 0.234825 0.598259
199 0.603234 0.239122 0.558146
200 0.598786 0.264940 0.655506
201 0.625994 0.260565 0.590616
202 0.610844 0.274268 0.661766
203 0.625439 0.253988 0.577200
204 0.605611 0.253882 0.596239
205 0.629894 0.226317 0.522856
206 0.615817 0.221567 0.573502
207 0.616697 0.210809 0.539233
208 0.598240 0.217450 0.567316
209 0.617630 0.209709 0.534069
