9 0.429222 0.009143 -0.051933
10 0.431872 0.009605 0.150927
11 0.569263 0.082512 0.682410
12 0.643326 0.111886 0.740636
13 0.633383 0.137375 0.669048
14 0.589078 0.186439 0.645943
15 0.565058 0.171769 0.641487
16 0.523663 0.179481 0.680076
17 0.511227 0.136216 0.564638
18 0.485820 0.128354 0.582940
19 0.463836 0.102354 0.482179
20 0.438302 0.097679 0.495086
21 0.416586 0.080132 0.419878
22 0.392472 0.077440 0.436544
23 0.371266 0.066596 0.384212
24 0.349590 0.063034 0.395004
25 0.328683 0.060344 0.362417
26 0.308987 0.057667 0.366988
27 0.289431 0.061388 0.351668
28 0.272205 0.060587 0.352148
29 0.255706 0.066494 0.326220
30 0.241119 0.069091 0.321173
31 0.227776 0.079133 0.300300
32 0.216147 0.088073 0.295775
33 0.206733 0.105638 0.286229
34 0.199468 0.123040 0.286774
35 0.195521 0.149648 0.288311
36 0.195396 0.177925 0.292693
37 0.201358 0.215460 0.301025
38 0.213433 0.258028 0.319799
39 0.235814 0.300001 0.317688
40 0.247156 0.300008 0.351316
41 0.277075 0.300040 0.302958
42 0.300919 0.300101 0.333105
43 0.333898 0.300031 0.308597
44 0.358589 0.285070 0.336403
45 0.373912 0.241024 0.276899
46 0.382077 0.198836 0.283772
47 0.393895 0.147753 0.200090
48 0.401266 0.099397 0.173729
49 0.409035 0.046807 0.103254
50 0.417622 -0.007024 0.072546
51 0.430777 -0.064523 0.033099
52 0.452298 -0.131159 0.010003
53 0.497264 -0.227766 -0.034621
54 0.557837 -0.300460 -0.007841
55 0.530497 -0.299996 -0.086988
56 0.522662 -0.300002 0.071343
57 0.491034 -0.300016 0.025989
58 0.496914 -0.263558 0.200553
59 0.468099 -0.271493 0.150037
60 0.472806 -0.227726 0.287990
61 0.442796 -0.243452 0.188413
62 0.442237 -0.211595 0.270838
63 0.411791 -0.195675 0.138968
64 0.399967 -0.097591 0.195887
65 0.373065 -0.036583 0.122882
66 0.348744 0.011404 0.124206
67 0.326372 0.035129 0.070734
68 0.306221 0.038529 0.043545
69 0.289094 0.034357 -0.007075
70 0.273383 0.017470 -0.037945
71 0.259736 0.001724 -0.076790
72 0.247542 -0.023008 -0.104155
73 0.237226 -0.045212 -0.133133
74 0.229452 -0.074887 -0.159836
75 0.224422 -0.103853 -0.190028
76 0.224884 -0.139575 -0.211478
77 0.229366 -0.179444 -0.254867
78 0.246728 -0.223555 -0.258042
79 0.268133 -0.281354 -0.330640
80 0.302270 -0.300001 -0.302138
81 0.303642 -0.300003 -0.435086
82 0.367899 -0.299998 -0.324945
83 0.395944 -0.299982 -0.434119
84 0.494698 -0.299894 -0.358501
85 0.591354 -0.300000 -0.439383
86 0.893791 -0.300082 -0.367215
87 0.999944 -0.128186 -0.390529
88 0.999999 0.207710 -0.267727
89 1.000059 0.299978 -0.180733
90 0.912290 0.300001 -0.187556
91 0.693508 0.300001 -0.200103
92 0.427122 0.300000 -0.199399
93 0.311958 0.300000 -0.290912
94 0.308440 0.300000 -0.394437
95 0.383426 0.300000 -0.526985
96 0.376973 0.300000 -0.569310
97 0.418382 0.300000 -0.639702
98 0.426051 0.300000 -0.728289
99 0.474458 0.115815 -0.823652
100 0.517394 -0.131950 -1.000006
101 0.530394 -0.300000 -1.000003
102 0.577592 -0.300000 -1.000000
103 0.613644 -0.300000 -1.000001
104 0.763046 -0.299998 -0.981864
105 0.805941 -0.299997 -0.952856
106 0.867540 -0.299929 -0.741078
107 0.839303 -0.300000 -0.672594
108 0.810323 -0.300001 -0.557698
109 0.716357 -0.299935 -0.596408
110 0.667407 -0.299981 -0.401668
111 0.594485 -0.299997 -0.624173
112 0.582659 -0.273314 -0.534187
113 0.574433 -0.249614 -0.611745
114 0.572382 -0.187833 -0.495894
115 0.549676 -0.181416 -0.584126
116 0.534138 -0.140884 -0.495092
117 0.508365 -0.140044 -0.573049
118 0.484557 -0.117646 -0.500258
119 0.458381 -0.114669 -0.533495
120 0.434688 -0.099399 -0.460144
121 0.411590 -0.095559 -0.485135
122 0.389612 -0.086180 -0.431200
123 0.368670 -0.082034 -0.448231
124 0.347925 -0.079575 -0.416031
125 0.329211 -0.076269 -0.429909
126 0.310463 -0.076589 -0.393923
127 0.293894 -0.073716 -0.392381
128 0.277812 -0.076382 -0.358432
129 0.263185 -0.076162 -0.358423
130 0.249684 -0.082086 -0.328408
131 0.237036 -0.086812 -0.331734
132 0.226656 -0.097927 -0.304869
133 0.216853 -0.110448 -0.313902
134 0.211395 -0.129014 -0.290025
135 0.206205 -0.151648 -0.309474
136 0.209010 -0.178807 -0.283629
137 0.211220 -0.214783 -0.320739
138 0.228018 -0.253052 -0.291135
139 0.238133 -0.300012 -0.367645
140 0.266118 -0.300020 -0.293610
141 0.264619 -0.300033 -0.401370
142 0.314993 -0.299962 -0.267115
143 0.329626 -0.300067 -0.347159
144 0.375967 -0.276486 -0.233524
145 0.377390 -0.241814 -0.294545
146 0.396827 -0.177367 -0.158301
147 0.399801 -0.135091 -0.177989
148 0.407107 -0.077705 -0.081720
149 0.410449 -0.030228 -0.073603
150 0.415084 0.022830 -0.019951
151 0.423000 0.076359 -0.006497
152 0.441166 0.134892 0.000598
153 0.468698 0.211549 0.029930
154 0.517688 0.300007 0.063451
155 0.530405 0.300000 0.060558
156 0.508894 0.300016 0.072529
157 0.490744 0.299964 -0.016414
158 0.463992 0.299996 -0.029483
159 0.451532 0.300005 -0.103850
160 0.428129 0.299914 -0.100544
161 0.418746 0.281548 -0.134433
162 0.401255 0.271926 -0.128838
163 0.389613 0.250389 -0.122975
164 0.372592 0.161332 -0.097101
165 0.356624 0.084699 -0.101052
166 0.334289 0.021306 -0.101507
167 0.312423 -0.006711 -0.076109
168 0.292150 -0.024662 -0.046761
169 0.274467 -0.021027 -0.019331
170 0.259345 -0.013263 0.026813
171 0.245606 0.005536 0.056740
172 0.233893 0.023966 0.095056
173 0.224191 0.050889 0.126191
174 0.217121 0.075722 0.152893
175 0.213445 0.108971 0.182427
176 0.214561 0.142205 0.203559
177 0.221242 0.186354 0.244218
178 0.237379 0.233397 0.278986
179 0.264978 0.290615 0.316271
180 0.281958 0.300000 0.373973
181 0.313274 0.300001 0.364398
182 0.343015 0.299992 0.430590
183 0.397004 0.300011 0.409570
184 0.457754 0.300003 0.469187
185 0.573989 0.299986 0.443115
186 0.778835 0.300029 0.471256
187 1.000003 0.207503 0.470839
188 1.000000 -0.043783 0.455470
189 1.000002 -0.299999 0.411683
190 1.000195 -0.299768 0.363633
191 0.898944 -0.300000 0.359072
192 0.695867 -0.300000 0.301172
193 0.571480 -0.300000 0.337825
194 0.544529 -0.299999 0.525486
195 0.420583 -0.299995 0.512382
196 0.461472 -0.300001 0.725639
197 0.374836 -0.300000 0.585265
198 0.433436 -0.230586 0.635557
199 0.442875 -0.102057 0.522402
200 0.550032 0.047403 0.538207
201 0.585417 0.162000 0.559678
202 0.578063 0.253578 0.642415
203 0.626336 0.273567 0.615284
204 0.626963 0.300006 0.729200
205 0.651544 0.299951 0.667466
206 0.627234 0.299974 0.730579
207 0.633262 0.300000 0.662489
208 0.618607 0.300000 0.651044
209 0.661697 0.276669 0.569040
