9 0.534506 -0.011307 -0.006593 0.429222 0.009143 -0.051933 0.549815 -0.014280 0.000000 0.873055 1 1.690350473e-07
10 0.534434 -0.011150 0.019682 0.431872 0.009605 0.150927 0.549815 -0.014263 0.000000 0.869591 1 1.308508217e-07
11 0.563774 0.092959 0.719997 0.563774 0.092959 0.719997 0.549999 0.001004 0.000000 0.000000 1 8.889473975e-07
12 0.624147 0.133242 0.795447 0.624147 0.133242 0.795447 0.549223 -0.029223 0.000000 0.000000 1 6.342306733e-07
13 0.614517 0.151773 0.685826 0.614517 0.151773 0.685826 0.539120 -0.108854 0.000000 0.000000 1 9.480863810e-07
14 0.587258 0.207405 0.633133 0.587258 0.207405 0.633133 0.522898 -0.170523 0.000000 0.000000 1 5.131587386e-07
15 0.599884 0.141473 0.463823 0.627033 0.242759 0.591598 0.501333 -0.226197 0.000000 0.215983 1 1.252628863e-07
16 0.538948 -0.057837 0.234880 0.628931 0.299832 0.678429 0.491297 -0.247239 0.000000 0.653789 1 5.261972547e-07
17 0.474043 -0.254380 0.046062 0.666798 0.300000 0.605818 0.458181 -0.300000 0.000000 0.923967 1 6.416812539e-07
18 0.518074 -0.116658 0.213299 0.679183 0.300000 0.698037 0.447181 -0.300000 0.000000 0.694431 1 5.159527063e-07
19 0.497638 -0.144886 0.212200 0.658603 0.300000 0.820814 0.441516 -0.300000 0.000000 0.741477 1 9.825453162e-07
20 0.403758 -0.279440 0.000000 0.625832 0.300000 1.000000 0.403758 -0.279440 0.000000 1.000000 1 1.708976924e-07
21 0.316595 -0.257679 0.000000 0.642076 0.300000 1.000000 0.316595 -0.257679 0.000000 1.000000 1 7.809139788e-07
22 0.273681 -0.204055 0.000000 0.611919 0.300000 1.000000 0.273681 -0.204055 0.000000 1.000000 1 7.580965757e-07
23 0.622495 0.300000 1.000000 0.622495 0.300000 1.000000 0.215711 -0.167475 0.000000 0.000000 1 6.812624633e-07
24 0.631519 0.300000 1.000000 0.631519 0.300000 1.000000 0.178179 -0.133892 0.000000 0.000000 1 5.946494639e-07
25 0.772571 0.300000 1.000000 0.772571 0.300000 1.000000 0.110021 -0.106258 0.000000 0.000000 1 1.960434020e-07
26 0.792162 0.300000 1.000000 0.792162 0.300000 1.000000 0.059077 -0.063002 0.000000 0.000000 1 7.757917047e-07
27 0.891522 0.271683 0.912446 0.975456 0.300000 1.000000 0.016797 -0.023424 0.000000 0.087554 1 5.452893674e-07
28 0.915603 0.279883 0.932942 0.981414 0.300000 1.000000 0.000000 -0.000000 0.000000 0.067058 1 7.380731404e-07
29 0.808094 0.242428 0.756203 1.000000 0.300000 0.935786 0.000000 -0.000000 0.000000 0.191906 1 7.082708180e-07
30 0.740189 0.222057 0.609147 1.000000 0.300000 0.822960 0.000000 -0.000000 0.000000 0.259811 1 6.416812539e-07
31 0.683716 0.205115 0.509688 1.000000 0.300000 0.745468 0.000000 -0.000000 0.000000 0.316284 1 7.008202374e-07
32 0.632172 0.189652 0.456167 1.000000 0.300000 0.721586 0.000000 -0.000000 0.000000 0.367828 1 7.706694305e-07
33 0.594025 0.178207 0.435828 1.000000 0.300000 0.733686 0.000000 -0.000000 0.000000 0.405975 1 9.760260582e-07
34 0.544828 0.163448 0.388589 1.000000 0.300000 0.713233 0.000000 -0.000000 0.000000 0.455172 1 6.309710443e-07
35 0.493635 0.148091 0.308826 1.000000 0.300000 0.625616 -0.000000 -0.000000 0.000000 0.506365 1 7.478520274e-07
36 0.446693 0.134008 0.265516 1.000000 0.300000 0.594404 -0.000000 -0.000000 0.000000 0.553307 1 1.620501280e-07
37 0.402450 0.120735 0.210655 1.000000 0.300000 0.523432 -0.000000 -0.000000 0.000000 0.597550 1 5.839392543e-07
38 0.360615 0.108185 0.183640 1.000000 0.300000 0.509241 -0.000000 -0.000000 0.000000 0.639385 1 6.649643183e-07
39 0.304575 0.091373 0.144605 1.000000 0.300000 0.474774 -0.000000 -0.000000 0.000000 0.695425 1 6.207264960e-07
40 0.251710 0.075513 0.121103 1.000000 0.300000 0.481120 -0.000000 -0.000000 0.000000 0.748290 1 6.258487701e-07
41 0.210158 0.063048 0.097227 1.000000 0.300000 0.462636 -0.000000 -0.000000 0.000000 0.789842 1 9.769573808e-07
42 0.172247 0.051674 0.081639 1.000000 0.300000 0.473964 -0.000000 -0.000000 0.000000 0.827753 1 5.862675607e-07
43 0.145804 0.043741 0.069933 1.000000 0.300000 0.479640 -0.000000 -0.000000 0.000000 0.854196 1 7.362104952e-07
44 0.119384 0.035815 0.058609 1.000000 0.300000 0.490930 -0.000000 -0.000000 0.000000 0.880616 1 6.551854312e-07
45 0.102924 0.030877 0.052604 1.000000 0.300000 0.511097 -0.000000 -0.000000 0.000000 0.897076 1 8.158385754e-07
46 0.085032 0.025510 0.044482 1.000000 0.300000 0.523126 -0.000000 -0.000000 0.000000 0.914968 1 6.379559636e-07
47 0.073900 0.022170 0.039988 1.000000 0.300000 0.541114 -0.000000 -0.000000 0.000000 0.926100 1 7.082708180e-07
48 0.061740 0.018522 0.034008 1.000000 0.300000 0.550827 -0.000000 -0.000000 0.000000 0.938260 1 6.980262697e-07
49 0.054315 0.016295 0.030732 1.000000 0.300000 0.565801 -0.000000 -0.000000 0.000000 0.945685 1 7.720664144e-07
50 0.045870 0.013761 0.026238 1.000000 0.300000 0.572003 -0.000000 -0.000000 0.000000 0.954130 1 6.943009794e-07
51 0.041032 0.012310 0.023931 1.000000 0.300000 0.583224 -0.000000 -0.000000 0.000000 0.958968 1 6.658956409e-07
52 0.035121 0.010536 0.020607 1.000000 0.300000 0.586751 -0.000000 -0.000000 0.000000 0.964879 1 7.967464626e-07
53 0.032064 0.009619 0.019040 1.000000 0.300000 0.593810 -0.000000 -0.000000 0.000000 0.967936 1 7.175840437e-07
54 0.027676 0.008303 0.016424 1.000000 0.300000 0.593428 -0.000000 -0.000000 0.000000 0.972324 1 7.241033018e-07
55 0.025766 0.007730 0.015368 1.000000 0.300000 0.596463 -0.000000 -0.000000 0.000000 0.974234 1 4.200264812e-07
56 0.022347 0.006704 0.013220 1.000000 0.300000 0.591584 -0.000000 -0.000000 0.000000 0.977653 1 6.319023669e-07
57 0.021202 0.006361 0.012504 1.000000 0.300000 0.589760 -0.000000 -0.000000 0.000000 0.978798 1 6.468035281e-07
58 0.018459 0.005538 0.010709 1.000000 0.300000 0.580157 -0.000000 -0.000000 0.000000 0.981541 1 5.830079317e-07
59 0.017816 0.005345 0.010218 1.000000 0.300000 0.573519 -0.000000 -0.000000 0.000000 0.982184 1 6.221234798e-07
60 0.015632 0.004690 0.008737 1.000000 0.300000 0.558943 -0.000000 -0.000000 0.000000 0.984368 1 7.948838174e-07
61 0.015371 0.004611 0.008413 1.000000 0.300000 0.547303 -0.000000 -0.000000 0.000000 0.984629 1 7.050111890e-07
62 0.013586 0.004076 0.007166 1.000000 0.300000 0.527472 -0.000000 -0.000000 0.000000 0.986414 1 7.357448339e-07
63 0.013610 0.004083 0.006948 1.000000 0.300000 0.510540 -0.000000 -0.000000 0.000000 0.986390 1 6.291083992e-07
64 0.012109 0.003633 0.005875 1.000000 0.300000 0.485194 -0.000000 -0.000000 0.000000 0.987891 1 7.078051567e-07
65 0.012334 0.003700 0.005707 1.000000 0.300000 0.462689 -0.000000 -0.000000 0.000000 0.987666 1 6.370246410e-07
66 0.011010 0.003303 0.004752 1.000000 0.300000 0.431561 -0.000000 -0.000000 0.000000 0.988990 1 3.147870302e-07
67 0.011363 0.003409 0.004581 1.000000 0.300000 0.403197 -0.000000 -0.000000 0.000000 0.988637 1 6.910413504e-07
68 0.010155 0.003046 0.003717 1.000000 0.300000 0.366015 -0.000000 -0.000000 0.000000 0.989845 1 5.811452866e-07
69 0.010668 0.003201 0.003539 1.000000 0.300000 0.331752 -0.000000 -0.000000 0.000000 0.989332 1 6.770715117e-07
70 0.009596 0.002879 0.002762 1.000000 0.300000 0.287823 -0.000000 -0.000000 0.000000 0.990404 1 6.598420441e-07
71 0.010077 0.003023 0.002485 1.000000 0.300000 0.246566 -0.000000 -0.000000 0.000000 0.989923 1 6.933696568e-07
72 0.008992 0.002698 0.001767 1.000000 0.300000 0.196456 -0.000000 -0.000000 0.000000 0.991008 1 8.130446076e-07
73 0.009535 0.002861 0.001415 1.000000 0.300000 0.148396 -0.000000 -0.000000 0.000000 0.990465 1 7.119961083e-07
74 0.008504 0.002551 0.000770 1.000000 0.300000 0.090589 -0.000000 -0.000000 0.000000 0.991496 1 6.291083992e-07
75 0.009106 0.002732 0.000328 1.000000 0.300000 0.036070 -0.000000 -0.000000 0.000000 0.990894 1 7.101334631e-07
76 0.008121 0.002436 -0.000231 1.000000 0.300000 -0.028409 -0.000000 -0.000000 0.000000 0.991879 1 6.509944797e-07
77 0.008730 0.002619 -0.000795 1.000000 0.300000 -0.091053 -0.000000 -0.000000 0.000000 0.991270 1 9.858049452e-07
78 0.007743 0.002323 -0.001264 1.000000 0.300000 -0.163223 -0.000000 -0.000000 0.000000 0.992257 1 7.241033018e-07
79 0.008441 0.002532 -0.001969 1.000000 0.300000 -0.233215 -0.000000 -0.000000 0.000000 0.991559 1 6.933696568e-07
80 0.007484 0.002245 -0.002347 1.000000 0.300000 -0.313596 -0.000000 -0.000000 0.000000 0.992516 1 2.416782081e-07
81 0.008132 0.002440 -0.003189 1.000000 0.300000 -0.392143 -0.000000 -0.000000 0.000000 0.991868 1 6.812624633e-07
82 0.007168 0.002150 -0.003449 1.000000 0.300000 -0.481119 -0.000000 -0.000000 0.000000 0.992832 1 7.743947208e-07
83 0.007834 0.002350 -0.004453 1.000000 0.300000 -0.568459 -0.000000 -0.000000 0.000000 0.992166 1 7.231719792e-07
84 0.006884 0.002065 -0.004593 1.000000 0.300000 -0.667210 -0.000000 -0.000000 0.000000 0.993116 1 6.719492376e-07
85 0.007525 0.002257 -0.005747 1.000000 0.300000 -0.763688 -0.000000 -0.000000 0.000000 0.992475 1 6.542541087e-07
86 0.006552 0.001966 -0.005708 1.000000 0.300000 -0.871179 -0.000000 -0.000000 0.000000 0.993448 1 7.292255759e-07
87 0.007238 0.002171 -0.007074 1.000000 0.300000 -0.977345 -0.000000 -0.000000 0.000000 0.992762 1 6.449408829e-07
88 0.006264 0.001879 -0.006264 1.000000 0.300000 -1.000000 -0.000000 -0.000000 0.000000 0.993736 1 7.636845112e-07
89 0.007058 0.002117 -0.007058 1.000000 0.300000 -1.000000 -0.000000 -0.000000 0.000000 0.992942 1 9.732320905e-07
90 0.006118 0.001835 -0.006118 1.000000 0.300000 -1.000000 -0.000000 -0.000000 0.000000 0.993882 1 8.218921721e-07
91 0.006853 0.002056 -0.006853 1.000000 0.300000 -1.000000 -0.000000 -0.000000 0.000000 0.993147 1 1.722946763e-07
92 0.005897 0.001769 -0.005897 1.000000 0.300000 -1.000000 -0.000000 -0.000000 0.000000 0.994103 1 6.817281246e-07
93 0.006649 0.001995 -0.006649 1.000000 0.300000 -1.000000 -0.000000 -0.000000 0.000000 0.993351 1 6.901100278e-07
94 0.005764 0.001729 -0.005764 1.000000 0.300000 -1.000000 -0.000000 -0.000000 0.000000 0.994236 1 4.558824003e-07
95 0.006493 0.001948 -0.006493 1.000000 0.300000 -1.000000 -0.000000 -0.000000 0.000000 0.993507 1 5.839392543e-07
96 0.005599 0.001680 -0.005599 1.000000 0.300000 -1.000000 -0.000000 -0.000000 0.000000 0.994401 1 7.348135114e-07
97 0.006375 0.001913 -0.006375 1.000000 0.300000 -1.000000 -0.000000 -0.000000 0.000000 0.993625 1 7.180497050e-07
98 0.005504 0.001651 -0.005504 1.000000 0.300000 -1.000000 -0.000000 -0.000000 0.000000 0.994496 1 8.167698979e-07
99 0.006373 0.001912 -0.006373 1.000000 0.300000 -1.000000 -0.000000 -0.000000 0.000000 0.993627 1 6.528571248e-07
100 0.006366 0.001191 -0.006366 1.000000 0.187150 -1.000000 -0.000000 -0.000000 0.000000 0.993634 1 7.362104952e-07
101 0.009453 0.000212 -0.009453 1.000000 0.022379 -1.000000 -0.000000 -0.000000 0.000000 0.990547 1 6.877817214e-07
102 0.012452 -0.002204 -0.012452 1.000000 -0.177027 -1.000000 -0.000000 -0.000000 0.000000 0.987548 1 7.692724466e-07
103 0.021685 -0.006506 -0.021685 1.000000 -0.300000 -1.000000 -0.000000 -0.000000 0.000000 0.978315 1 6.342306733e-07
104 0.016524 -0.004957 -0.016524 1.000000 -0.300000 -1.000000 -0.000000 -0.000000 0.000000 0.983476 1 6.658956409e-07
105 0.017261 -0.005178 -0.017261 1.000000 -0.300000 -1.000000 -0.000000 -0.000000 0.000000 0.982739 1 3.110617399e-07
106 0.012252 -0.003676 -0.012252 1.000000 -0.300000 -1.000000 -0.000000 -0.000000 0.000000 0.987748 1 7.180497050e-07
107 0.014055 -0.004216 -0.014055 1.000000 -0.300000 -1.000000 -0.000000 -0.000000 0.000000 0.985945 1 4.959292710e-07
108 0.010150 -0.003045 -0.010150 1.000000 -0.300000 -1.000000 -0.000000 -0.000000 0.000000 0.989850 1 6.612390280e-07
109 0.013045 -0.003913 -0.013045 1.000000 -0.300000 -1.000000 -0.000000 -0.000000 0.000000 0.986955 1 7.278285921e-07
110 0.009616 -0.002885 -0.009616 1.000000 -0.300000 -1.000000 -0.000000 -0.000000 0.000000 0.990384 1 6.789341569e-07
111 0.012456 -0.003737 -0.012456 1.000000 -0.300000 -1.000000 -0.000000 -0.000000 0.000000 0.987544 1 6.537884474e-07
112 0.009139 -0.002742 -0.009139 1.000000 -0.300000 -1.000000 -0.000000 -0.000000 0.000000 0.990861 1 2.826564014e-07
113 0.012086 -0.003626 -0.012086 1.000000 -0.300000 -1.000000 -0.000000 -0.000000 0.000000 0.987914 1 6.998889148e-07
114 0.008984 -0.002695 -0.008984 1.000000 -0.300000 -1.000000 -0.000000 -0.000000 0.000000 0.991016 1 6.696209311e-07
115 0.011885 -0.003566 -0.011885 1.000000 -0.300000 -1.000000 -0.000000 -0.000000 0.000000 0.988115 1 7.161870599e-07
116 0.008591 -0.002577 -0.008591 1.000000 -0.300000 -1.000000 -0.000000 -0.000000 0.000000 0.991409 1 6.249174476e-07
117 0.011602 -0.003481 -0.011602 1.000000 -0.300000 -1.000000 -0.000000 -0.000000 0.000000 0.988398 1 5.150213838e-07
118 0.008452 -0.002536 -0.008452 1.000000 -0.300000 -1.000000 -0.000000 -0.000000 0.000000 0.991548 1 7.599592209e-07
119 0.011811 -0.003543 -0.011811 1.000000 -0.300000 -1.000000 -0.000000 -0.000000 0.000000 0.988189 1 3.096647561e-07
120 0.008629 -0.002589 -0.008629 1.000000 -0.300000 -1.000000 -0.000000 -0.000000 0.000000 0.991371 1 7.469207048e-07
121 0.011732 -0.003520 -0.011732 1.000000 -0.300000 -1.000000 -0.000000 -0.000000 0.000000 0.988268 1 7.641501725e-07
122 0.008497 -0.002549 -0.008497 1.000000 -0.300000 -1.000000 -0.000000 -0.000000 0.000000 0.991503 1 3.459863365e-07
123 0.011648 -0.003494 0.011648 1.000000 -0.300000 1.000000 -0.000000 -0.000000 0.000000 0.988352 1 6.970949471e-07
124 0.010211 -0.003063 0.010211 1.000000 -0.300000 1.000000 -0.000000 -0.000000 0.000000 0.989789 1 7.031485438e-07
125 0.013922 -0.004177 0.013922 1.000000 -0.300000 1.000000 -0.000000 -0.000000 0.000000 0.986078 1 7.469207048e-07
126 0.013639 -0.004092 0.013639 1.000000 -0.300000 1.000000 -0.000000 -0.000000 0.000000 0.986361 1 6.430782378e-07
127 0.017312 -0.005194 0.017312 1.000000 -0.300000 1.000000 -0.000000 -0.000000 0.000000 0.982688 1 4.740431905e-07
128 0.017011 -0.005103 0.017011 1.000000 -0.300000 1.000000 -0.000000 -0.000000 0.000000 0.982989 1 1.034233719e-06
129 0.020386 -0.006116 0.020386 1.000000 -0.300000 1.000000 -0.000000 -0.000000 0.000000 0.979614 1 6.798654795e-07
130 0.019900 -0.005970 0.019900 1.000000 -0.300000 1.000000 -0.000000 -0.000000 0.000000 0.980100 1 8.060596883e-07
131 0.022475 -0.006743 0.022475 1.000000 -0.300000 1.000000 -0.000000 -0.000000 0.000000 0.977525 1 7.189810276e-07
132 0.021870 -0.006561 0.021870 1.000000 -0.300000 1.000000 -0.000000 -0.000000 0.000000 0.978130 1 5.839392543e-07
133 0.023997 -0.007199 0.023997 1.000000 -0.300000 1.000000 -0.000000 -0.000000 0.000000 0.976003 1 6.440095603e-07
134 0.023201 -0.006960 0.023201 1.000000 -0.300000 1.000000 -0.000000 -0.000000 0.000000 0.976799 1 6.132759154e-07
135 0.024782 -0.007435 0.024782 1.000000 -0.300000 1.000000 -0.000000 -0.000000 0.000000 0.975218 1 7.469207048e-07
136 0.023755 -0.007127 0.023755 1.000000 -0.300000 1.000000 -0.000000 -0.000000 0.000000 0.976245 1 9.778887033e-07
137 0.025018 -0.007505 0.025018 1.000000 -0.300000 1.000000 -0.000000 -0.000000 0.000000 0.974982 1 6.998889148e-07
138 0.024016 -0.007205 0.024016 1.000000 -0.300000 1.000000 -0.000000 -0.000000 0.000000 0.975984 1 6.952323020e-07
139 0.025224 -0.007567 0.025224 1.000000 -0.300000 1.000000 -0.000000 -0.000000 0.000000 0.974776 1 6.267800927e-07
140 0.024325 -0.007298 0.024325 1.000000 -0.300000 1.000000 -0.000000 -0.000000 0.000000 0.975675 1 6.761401892e-07
141 0.025252 -0.007576 0.025252 1.000000 -0.300000 1.000000 -0.000000 -0.000000 0.000000 0.974748 1 7.282942533e-07
142 0.024225 -0.007268 0.024225 1.000000 -0.300000 1.000000 -0.000000 -0.000000 0.000000 0.975775 1 6.631016731e-07
143 0.024969 -0.007491 0.024969 1.000000 -0.300000 1.000000 -0.000000 -0.000000 0.000000 0.975031 1 6.537884474e-07
144 0.024098 -0.007229 0.024098 1.000000 -0.300000 1.000000 -0.000000 -0.000000 0.000000 0.975902 1 9.220093489e-07
145 0.020900 -0.004927 0.020900 1.000000 -0.235738 1.000000 -0.000000 -0.000000 0.000000 0.979100 1 6.547197700e-07
146 0.016001 -0.001996 0.016001 1.000000 -0.124716 1.000000 -0.000000 -0.000000 0.000000 0.983999 1 6.919726729e-07
147 0.013763 -0.000010 0.013763 1.000000 -0.000706 1.000000 -0.000000 -0.000000 0.000000 0.986237 1 7.441267371e-07
148 0.011209 0.001289 0.011209 1.000000 0.114970 1.000000 -0.000000 -0.000000 0.000000 0.988791 1 7.548369467e-07
149 0.010300 0.002508 0.010300 1.000000 0.243472 1.000000 -0.000000 -0.000000 0.000000 0.989700 1 7.292255759e-07
150 0.009173 0.002752 0.009173 1.000000 0.300000 1.000000 -0.000000 -0.000000 0.000000 0.990827 1 7.860362530e-07
151 0.009756 0.002927 0.009756 1.000000 0.300000 1.000000 -0.000000 -0.000000 0.000000 0.990244 1 8.111819625e-07
152 0.009130 0.002739 0.009130 1.000000 0.300000 1.000000 -0.000000 -0.000000 0.000000 0.990870 1 7.515773177e-07
153 0.009743 0.002923 0.009743 1.000000 0.300000 1.000000 -0.000000 -0.000000 0.000000 0.990257 1 7.539056242e-07
154 0.009136 0.002741 0.009136 1.000000 0.300000 1.000000 -0.000000 -0.000000 0.000000 0.990864 1 6.649643183e-07
155 0.009694 0.002908 0.009694 1.000000 0.300000 1.000000 -0.000000 -0.000000 0.000000 0.990306 1 7.320195436e-07
156 0.009112 0.002734 0.009112 1.000000 0.300000 1.000000 -0.000000 -0.000000 0.000000 0.990888 1 7.948838174e-07
157 0.009746 0.002924 0.009746 1.000000 0.300000 1.000000 -0.000000 -0.000000 0.000000 0.990254 1 7.729977369e-07
158 0.009143 0.002743 0.009143 1.000000 0.300000 1.000000 -0.000000 -0.000000 0.000000 0.990857 1 9.611248970e-07
159 0.009750 0.002925 0.009750 1.000000 0.300000 1.000000 -0.000000 -0.000000 0.000000 0.990250 1 9.960494936e-07
160 0.009173 0.002752 0.009173 1.000000 0.300000 1.000000 -0.000000 -0.000000 0.000000 0.990827 1 7.259659469e-07
161 0.009744 0.002923 0.009744 1.000000 0.300000 1.000000 -0.000000 -0.000000 0.000000 0.990256 1 9.778887033e-07
162 0.000000 0.000000 0.000000 1.000000 0.300000 1.000000 -0.000000 -0.000000 0.000000 1.000000 1 5.168840289e-07
163 0.000000 0.000000 0.000000 1.000000 0.300000 1.000000 -0.000000 -0.000000 0.000000 1.000000 1 3.990717232e-07
164 0.000000 0.000000 0.000000 1.000000 0.300000 1.000000 -0.000000 -0.000000 0.000000 1.000000 1 5.238689482e-07
165 0.000000 0.000000 0.000000 1.000000 0.300000 1.000000 -0.000000 -0.000000 0.000000 1.000000 1 5.261972547e-07
166 0.000000 0.000000 0.000000 1.000000 0.300000 1.000000 -0.000000 -0.000000 0.000000 1.000000 1 5.131587386e-07
167 0.000000 0.000000 0.000000 1.000000 0.300000 1.000000 -0.000000 -0.000000 0.000000 1.000000 1 5.150213838e-07
168 0.000000 0.000000 0.000000 1.000000 0.300000 1.000000 -0.000000 -0.000000 0.000000 1.000000 1 1.597218215e-07
169 0.000000 0.000000 0.000000 1.000000 0.300000 1.000000 -0.000000 -0.000000 0.000000 1.000000 1 5.322508514e-07
170 0.000000 0.000000 0.000000 1.000000 0.300000 1.000000 -0.000000 -0.000000 0.000000 1.000000 1 5.089677870e-07
171 0.000000 0.000000 0.000000 1.000000 0.300000 1.000000 -0.000000 -0.000000 0.000000 1.000000 1 5.168840289e-07
172 0.000000 0.000000 0.000000 1.000000 0.300000 1.000000 -0.000000 -0.000000 0.000000 1.000000 1 5.252659321e-07
173 0.000000 0.000000 0.000000 1.000000 0.300000 1.000000 -0.000000 -0.000000 0.000000 1.000000 1 2.733431756e-07
174 0.000000 0.000000 0.000000 1.000000 0.300000 1.000000 -0.000000 -0.000000 0.000000 1.000000 1 5.098991096e-07
175 0.000000 0.000000 0.000000 1.000000 0.300000 1.000000 -0.000000 -0.000000 0.000000 1.000000 1 5.117617548e-07
176 0.000000 0.000000 0.000000 1.000000 0.300000 1.000000 -0.000000 -0.000000 0.000000 1.000000 1 5.261972547e-07
177 0.000000 0.000000 0.000000 1.000000 0.300000 1.000000 -0.000000 -0.000000 0.000000 1.000000 1 5.248002708e-07
178 0.000000 0.000000 0.000000 1.000000 0.300000 1.000000 -0.000000 -0.000000 0.000000 1.000000 1 1.629814506e-07
179 0.000000 0.000000 0.000000 1.000000 0.300000 1.000000 -0.000000 -0.000000 0.000000 1.000000 1 5.126930773e-07
180 0.000000 0.000000 0.000000 1.000000 0.300000 1.000000 -0.000000 -0.000000 0.000000 1.000000 1 5.122274160e-07
181 0.000000 0.000000 0.000000 1.000000 0.300000 1.000000 -0.000000 -0.000000 0.000000 1.000000 1 4.838220775e-07
182 0.000000 0.000000 0.000000 1.000000 0.300000 1.000000 -0.000000 -0.000000 0.000000 1.000000 1 5.122274160e-07
183 0.000000 0.000000 0.000000 1.000000 0.300000 1.000000 -0.000000 -0.000000 0.000000 1.000000 1 4.731118679e-07
184 0.000000 0.000000 0.000000 1.000000 0.300000 1.000000 -0.000000 -0.000000 0.000000 1.000000 1 2.388842404e-07
185 0.000000 0.000000 0.000000 1.000000 0.300000 1.000000 -0.000000 -0.000000 0.000000 1.000000 1 5.378387868e-07
186 0.000000 0.000000 0.000000 1.000000 0.300000 1.000000 -0.000000 -0.000000 0.000000 1.000000 1 5.108304322e-07
187 0.000000 0.000000 0.000000 1.000000 0.300000 1.000000 -0.000000 -0.000000 0.000000 1.000000 1 4.977919161e-07
188 0.000000 0.000000 0.000000 1.000000 0.300000 1.000000 -0.000000 -0.000000 0.000000 1.000000 1 5.010515451e-07
189 0.000000 0.000000 0.000000 1.000000 0.300000 1.000000 -0.000000 -0.000000 0.000000 1.000000 1 8.377246559e-07
190 0.000000 0.000000 0.000000 1.000000 0.300000 1.000000 -0.000000 -0.000000 0.000000 1.000000 1 5.150213838e-07
191 0.000000 0.000000 0.000000 1.000000 0.300000 1.000000 -0.000000 -0.000000 0.000000 1.000000 1 5.168840289e-07
192 0.000000 0.000000 0.000000 1.000000 0.300000 1.000000 -0.000000 -0.000000 0.000000 1.000000 1 5.108304322e-07
193 0.000000 0.000000 0.000000 1.000000 0.300000 1.000000 -0.000000 -0.000000 0.000000 1.000000 1 5.159527063e-07
194 0.000000 0.000000 0.000000 1.000000 0.300000 1.000000 -0.000000 -0.000000 0.000000 1.000000 1 5.108304322e-07
195 0.000000 0.000000 0.000000 0.934407 0.300000 1.000000 -0.000000 -0.000000 0.000000 1.000000 1 5.252659321e-07
196 0.000000 0.000000 0.000000 0.774873 0.300000 1.000000 -0.000000 -0.000000 0.000000 1.000000 1 5.108304322e-07
197 0.000000 0.000000 0.000000 0.593250 0.300000 1.000000 -0.000000 -0.000000 0.000000 1.000000 1 2.249144018e-07
198 0.000000 0.000000 0.000000 0.429090 0.300000 1.000000 -0.000000 -0.000000 0.000000 1.000000 1 5.098991096e-07
199 0.000000 0.000000 0.000000 0.245010 0.300000 1.000000 -0.000000 -0.000000 0.000000 1.000000 1 5.229376256e-07
200 0.000000 0.000000 0.000000 0.079854 0.300000 -1.000000 -0.000000 -0.000000 0.000000 1.000000 1 6.649643183e-07
201 0.000000 0.000000 0.000000 -0.101846 0.300000 -1.000000 -0.000000 -0.000000 0.000000 1.000000 1 8.586794138e-07
202 0.000000 0.000000 0.000000 -0.261263 0.300000 -1.000000 -0.000000 -0.000000 0.000000 1.000000 1 6.952323020e-07
203 0.000000 0.000000 0.000000 -0.432313 0.300000 -1.000000 -0.000000 -0.000000 0.000000 1.000000 1 1.030042768e-06
204 0.000000 0.000000 0.000000 -0.577919 0.300000 -1.000000 -0.000000 -0.000000 0.000000 1.000000 1 5.327165127e-07
205 0.000000 0.000000 0.000000 -0.733119 0.300000 -1.000000 -0.000000 -0.000000 0.000000 1.000000 1 6.067566574e-07
206 0.000000 0.000000 0.000000 -0.859790 0.300000 -1.000000 -0.000000 -0.000000 0.000000 1.000000 1 5.490146577e-07
207 0.000000 0.000000 0.000000 -0.990188 0.300000 -1.000000 -0.000000 -0.000000 0.000000 1.000000 1 6.742775440e-07
208 0.000000 0.000000 0.000000 -1.000000 0.300000 -1.000000 -0.000000 -0.000000 0.000000 1.000000 1 9.490177035e-07
209 0.000000 0.000000 0.000000 -1.000000 0.300000 -1.000000 -0.000000 -0.000000 0.000000 1.000000 1 5.336478353e-07
