9 0.429222 0.009143 -0.051933
10 0.431872 0.009605 0.150928
11 0.569263 0.082512 0.682412
12 0.643326 0.111886 0.740636
13 0.633384 0.137374 0.669047
14 0.598739 0.199775 0.645943
15 0.628007 0.251394 0.645865
16 0.621786 0.303425 0.699896
17 0.670325 0.295190 0.605145
18 0.655091 0.315058 0.682945
19 0.662177 0.290724 0.561494
20 0.610185 0.279813 0.557410
21 0.593578 0.220220 0.421333
22 0.552928 0.190137 0.365496
23 0.564451 0.152293 0.268991
24 0.539134 0.140906 0.332679
25 0.519699 0.125694 0.296079
26 0.477683 0.123987 0.318161
27 0.428622 0.106541 0.276835
28 0.372241 0.102244 0.302485
29 0.327065 0.094541 0.273305
30 0.279840 0.091332 0.287919
31 0.242299 0.093990 0.268942
32 0.205867 0.097158 0.278512
33 0.177934 0.111272 0.273419
34 0.153289 0.125795 0.279071
35 0.138548 0.151536 0.279627
36 0.130267 0.181610 0.296937
37 0.141193 0.229121 0.344740
38 0.155763 0.277535 0.476726
39 0.180479 0.333200 0.485168
40 0.207354 0.403346 0.599592
41 0.249172 0.466581 0.567828
42 0.285916 0.557764 0.712280
43 0.315064 0.634513 0.719697
44 0.354729 0.736751 0.832240
45 0.361851 0.827483 0.900029
46 0.383494 0.904986 0.924961
47 0.369259 0.924002 0.968208
48 0.309118 0.943488 1.133517
49 0.166347 0.965057 1.594872
50 0.298402 0.906196 1.456291
51 0.473459 0.783477 1.216122
52 0.424927 0.791866 1.632233
53 0.633162 0.618083 1.425645
54 0.723458 0.504851 1.447511
55 0.774686 0.429323 1.444896
56 0.779084 0.419946 1.390590
57 0.782847 0.413055 1.375274
58 0.782943 0.412825 1.372252
59 0.783236 0.412396 1.368868
60 0.783282 0.412315 1.361198
61 0.783197 0.412473 1.351049
62 0.783272 0.412339 1.337313
63 0.783187 0.412497 1.321172
64 0.783262 0.412363 1.301385
65 0.783178 0.412521 1.279121
66 0.783252 0.412386 1.253129
67 0.783168 0.412545 1.224566
68 0.783243 0.412410 1.192170
69 0.783139 0.412603 1.157135
70 0.783196 0.412501 1.118156
71 0.783112 0.412660 1.076278
72 0.783187 0.412525 1.030285
73 0.783103 0.412684 0.981299
74 0.783161 0.412581 0.928089
75 0.783074 0.412743 0.871632
76 0.783105 0.412690 0.810870
77 0.783064 0.412770 0.746402
78 0.783100 0.412706 0.677536
79 0.783070 0.412764 0.604732
80 0.783109 0.412697 0.527338
81 0.783081 0.412752 0.445786
82 0.783126 0.412671 0.359384
83 0.783103 0.412718 0.268615
84 0.783152 0.412630 0.172766
85 0.783135 0.412664 0.072329
86 0.783192 0.412561 -0.033408
87 0.783180 0.412585 -0.143910
88 0.783288 0.412388 -0.260044
89 0.783272 0.412419 -0.380909
90 0.780683 0.417192 -0.495858
91 0.779556 0.419164 -0.625199
92 0.770997 0.434448 -0.726713
93 0.765172 0.444528 -0.847605
94 0.751700 0.466813 -0.940945
95 0.744749 0.477905 -1.069374
96 0.728329 0.502525 -1.165137
97 0.720409 0.514043 -1.301508
98 0.702646 0.538080 -1.406264
99 0.694596 0.548447 -1.553701
100 0.675174 0.572206 -1.665014
101 0.666648 0.582115 -1.820590
102 0.645748 0.605184 -1.937945
103 0.636965 0.614501 -2.100289
104 0.614586 0.636801 -2.221700
105 0.604949 0.646005 -2.386130
106 0.581405 0.667345 -2.510023
107 0.571758 0.675758 -2.677154
108 0.546658 0.696164 -2.800517
109 0.536681 0.704021 -2.966968
110 0.510245 0.723370 -2.894823
111 0.499979 0.730652 -3.196804
112 0.472424 0.748726 -3.313094
113 0.462084 0.755282 -3.473486
114 0.433507 0.772010 -3.583233
115 0.422898 0.778014 -3.736649
116 0.392888 0.793561 -3.837267
117 0.381380 0.799335 -3.979414
118 0.351267 0.812987 -4.072413
119 0.340623 0.817656 -4.208655
120 0.309909 0.829759 -4.291670
121 0.297832 0.834356 -4.413490
122 0.267862 0.844433 -4.488736
123 0.256160 0.848224 -4.602049
124 0.226222 0.856681 -4.667426
125 0.213365 0.860173 -4.766427
126 0.184194 0.866878 -4.823432
127 0.171199 0.869746 -4.911464
128 0.144436 0.874589 -4.963183
129 0.132207 0.876725 -5.043213
130 0.106253 0.880282 -5.086398
131 0.093360 0.881961 -5.154650
132 0.067996 0.884356 -5.189181
133 0.054721 0.885514 -5.246460
134 0.031651 0.886765 -5.276127
135 0.018484 0.887385 -5.324551
136 -0.002926 0.887742 -5.348726
137 -0.015061 0.887873 -5.391470
138 -0.035182 0.887509 -5.409969
139 -0.048045 0.887186 -5.441515
140 -0.067084 0.886187 -5.454230
141 -0.080265 0.885399 -5.477049
142 -0.099195 0.883777 -5.482284
143 -0.112487 0.882544 -5.496748
144 -0.131266 0.880304 -5.494835
145 -0.144201 0.878659 -5.502638
146 -0.163304 0.875629 -5.492921
147 -0.175835 0.873649 -5.494437
148 -0.196237 0.869731 -5.474733
149 -0.208678 0.867390 -5.469047
150 -0.229143 0.862591 -5.442788
151 -0.240730 0.859942 -5.433181
152 -0.261296 0.854379 -5.400031
153 -0.272730 0.851432 -5.383636
154 -0.293567 0.844991 -5.343489
155 -0.304845 0.841707 -5.320742
156 -0.326451 0.834152 -5.272198
157 -0.337020 0.830696 -5.244637
158 -0.358824 0.822142 -5.188980
159 -0.369101 0.818407 -5.155870
160 -0.391084 0.808822 -5.093138
161 -0.400955 0.804916 -5.054135
162 -0.422961 0.794343 -4.984486
163 -0.431965 0.790491 -4.941396
164 -0.453982 0.778893 -4.864608
165 -0.462709 0.774897 -4.815181
166 -0.484560 0.762341 -4.731588
167 -0.492486 0.758400 -4.677663
168 -0.514336 0.744834 -4.586448
169 -0.521515 0.741136 -4.527286
170 -0.542701 0.726851 -4.429918
171 -0.549619 0.722944 -4.363324
172 -0.566288 0.710798 -4.268970
173 -0.571258 0.708241 -4.199666
174 -0.579154 0.639765 -4.188332
175 -0.613572 0.512091 -4.155002
176 -0.661965 0.364466 -4.055427
177 -0.702576 0.218799 -3.971084
178 -0.740481 0.085789 -3.917893
179 -0.780310 -0.056632 -3.848075
180 -0.822131 -0.200458 -3.770674
181 -0.864390 -0.346486 -3.688408
182 -0.907176 -0.494117 -3.601761
183 -0.950109 -0.642589 -3.510201
184 -0.993556 -0.792030 -3.414387
185 -1.037328 -0.943309 -3.313104
186 -1.081479 -1.094838 -3.207323
187 -1.125402 -1.246629 -3.095900
188 -1.169187 -1.396537 -2.979926
189 -1.212441 -1.546012 -2.858172
190 -1.255756 -1.693987 -2.731619
191 -1.297866 -1.839490 -2.599183
192 -1.339391 -1.980987 -2.461988
193 -1.378883 -2.117441 -2.319033
194 -1.417270 -2.247835 -2.171436
195 -1.453287 -2.372280 -2.018086
196 -1.487543 -2.488193 -1.860304
197 -1.518435 -2.594985 -1.697154
198 -1.546741 -2.690205 -1.530070
199 -1.570913 -2.773852 -1.358146
200 -1.592070 -2.844304 -1.182742
201 -1.608308 -2.900677 -1.003175
202 -1.620791 -2.941207 -0.820987
203 -1.627701 -2.965692 -0.635558
204 -1.558123 -2.994042 -0.448343
205 -1.369197 -3.038392 -0.258989
206 -1.176927 -3.064476 -0.068941
207 -0.982962 -3.072313 0.122019
208 -0.789700 -3.061424 0.312381
209 -0.596379 -3.032212 0.502386
