9 0.429222 0.009143 -0.051933 0.429222 0.009143 -0.051933 0.000000 0.000000 0.000000 0.000000 1
10 0.431872 0.009605 0.150927 0.431872 0.009605 0.150927 0.000000 0.000000 0.000000 0.000000 1
11 0.569263 0.082512 0.682410 0.569263 0.082512 0.682410 0.000000 0.000000 0.000000 0.000000 1
12 0.643326 0.111886 0.740636 0.643326 0.111886 0.740636 0.000000 0.000000 0.000000 0.000000 1
13 0.633383 0.137375 0.669048 0.633383 0.137375 0.669048 0.000000 0.000000 0.000000 0.000000 1
14 0.598738 0.199775 0.645943 0.598738 0.199775 0.645943 0.000000 0.000000 0.000000 0.000000 1
15 0.628007 0.251394 0.645865 0.628007 0.251394 0.645865 0.000000 0.000000 0.000000 0.000000 1
16 0.621786 0.300000 0.699896 0.621786 0.300000 0.699896 0.000000 0.000000 0.000000 0.000000 1
17 0.670325 0.295190 0.605145 0.670325 0.295190 0.605145 0.000000 0.000000 0.000000 0.000000 1
18 0.655091 0.300000 0.682945 0.655091 0.300000 0.682945 0.000000 0.000000 0.000000 0.000000 1
19 0.636820 0.279592 0.539994 0.662176 0.290724 0.561494 0.000000 0.000000 0.000000 0.038292 1
20 0.582758 0.268609 0.534426 0.612125 0.282145 0.561358 0.000000 0.000000 0.000000 0.047975 1
21 0.557894 0.206946 0.396107 0.603887 0.224006 0.428762 0.000000 0.000000 0.000000 0.076161 1
22 0.516276 0.178147 0.350800 0.572179 0.197437 0.388785 0.000000 0.000000 0.000000 0.097702 1
23 0.491297 0.130907 0.248368 0.592411 0.157849 0.299484 0.000000 0.000000 0.000000 0.170681 1
24 0.451503 0.115276 0.279012 0.580675 0.148256 0.358835 0.000000 0.000000 0.000000 0.222451 1
25 0.414955 0.095326 0.239004 0.584694 0.134320 0.336770 0.000000 0.000000 0.000000 0.290304 1
26 0.372743 0.088586 0.246290 0.575526 0.136779 0.380279 0.000000 0.000000 0.000000 0.352343 1
27 0.337508 0.077338 0.216088 0.593261 0.135943 0.379834 0.000000 0.000000 0.000000 0.431097 1
28 0.300127 0.069792 0.208784 0.606102 0.140943 0.421635 0.000000 0.000000 0.000000 0.504824 1
29 0.267840 0.063309 0.184148 0.640497 0.151392 0.440360 0.000000 0.000000 0.000000 0.581825 1
30 0.235978 0.055775 0.166940 0.677822 0.160208 0.479519 0.000000 0.000000 0.000000 0.651859 1
31 0.207820 0.052218 0.148115 0.730703 0.183602 0.520778 0.000000 0.000000 0.000000 0.715589 1
32 0.181351 0.045938 0.129512 0.790074 0.200134 0.564233 0.000000 0.000000 0.000000 0.770463 1
33 0.158514 0.042057 0.111610 0.862548 0.228853 0.607323 0.000000 0.000000 0.000000 0.816226 1
34 0.137225 0.036682 0.094910 0.940356 0.251367 0.650386 0.000000 0.000000 0.000000 0.854071 1
35 0.118944 0.034091 0.082784 1.000000 0.286616 0.695991 0.000000 0.000000 0.000000 0.881056 1
36 0.102306 0.030692 0.075568 1.000000 0.300000 0.738648 0.000000 0.000000 0.000000 0.897694 1
37 0.088498 0.026549 0.069370 1.000000 0.300000 0.783859 0.000000 0.000000 0.000000 0.911502 1
38 0.076254 0.022876 0.062658 1.000000 0.300000 0.821703 0.000000 0.000000 0.000000 0.923746 1
39 0.065958 0.019787 0.056884 1.000000 0.300000 0.862428 0.000000 0.000000 0.000000 0.934042 1
40 0.057240 0.017172 0.051236 1.000000 0.300000 0.895102 0.000000 0.000000 0.000000 0.942760 1
41 0.049788 0.014937 0.046384 1.000000 0.300000 0.931617 0.000000 0.000000 0.000000 0.950212 1
42 0.043804 0.013141 0.042055 1.000000 0.300000 0.960078 0.000000 0.000000 0.000000 0.956196 1
43 0.038528 0.011558 0.038226 1.000000 0.300000 0.992153 0.000000 0.000000 0.000000 0.961472 1
44 0.034439 0.010332 0.034439 1.000000 0.300000 1.000000 0.000000 0.000000 0.000000 0.965561 1
45 0.030631 0.009189 0.030631 1.000000 0.300000 1.000000 0.000000 0.000000 0.000000 0.969369 1
46 0.027947 0.008384 0.027947 1.000000 0.300000 1.000000 0.000000 0.000000 0.000000 0.972053 1
47 0.025355 0.007607 0.025355 1.000000 0.300000 1.000000 0.000000 0.000000 0.000000 0.974645 1
48 0.023565 0.007070 0.023565 1.000000 0.300000 1.000000 0.000000 0.000000 0.000000 0.976435 1
49 0.021683 0.006505 0.021683 1.000000 0.300000 1.000000 0.000000 0.000000 0.000000 0.978317 1
50 0.020532 0.006160 0.020532 1.000000 0.300000 1.000000 0.000000 0.000000 0.000000 0.979468 1
51 0.019116 0.005735 0.019116 1.000000 0.300000 1.000000 0.000000 0.000000 0.000000 0.980884 1
52 0.018339 0.005502 0.018339 1.000000 0.300000 1.000000 0.000000 0.000000 0.000000 0.981661 1
53 0.017278 0.005183 0.017278 1.000000 0.300000 1.000000 0.000000 0.000000 0.000000 0.982722 1
54 0.016818 0.005045 0.016818 1.000000 0.300000 1.000000 0.000000 0.000000 0.000000 0.983182 1
55 0.015968 0.004790 0.015968 1.000000 0.300000 1.000000 0.000000 0.000000 0.000000 0.984032 1
56 0.015748 0.004724 0.015748 1.000000 0.300000 1.000000 0.000000 0.000000 0.000000 0.984252 1
57 0.015091 0.004527 0.015091 1.000000 0.300000 1.000000 0.000000 0.000000 0.000000 0.984909 1
58 0.015047 0.004514 0.015047 1.000000 0.300000 1.000000 0.000000 0.000000 0.000000 0.984953 1
59 0.014522 0.004357 0.014522 1.000000 0.300000 1.000000 0.000000 0.000000 0.000000 0.985478 1
60 0.014595 0.004379 0.014595 1.000000 0.300000 1.000000 0.000000 0.000000 0.000000 0.985405 1
61 0.014155 0.004246 0.014155 1.000000 0.300000 1.000000 0.000000 0.000000 0.000000 0.985845 1
62 0.014306 0.004292 0.014306 1.000000 0.300000 1.000000 0.000000 0.000000 0.000000 0.985694 1
63 0.013919 0.004176 0.013919 1.000000 0.300000 1.000000 0.000000 0.000000 0.000000 0.986081 1
64 0.014123 0.004237 0.014123 1.000000 0.300000 1.000000 0.000000 0.000000 0.000000 0.985877 1
65 0.013771 0.004131 0.013771 1.000000 0.300000 1.000000 0.000000 0.000000 0.000000 0.986229 1
66 0.014011 0.004203 0.013777 1.000000 0.300000 0.983250 0.000000 0.000000 0.000000 0.985989 1
67 0.013681 0.004104 0.013022 1.000000 0.300000 0.951818 0.000000 0.000000 0.000000 0.986319 1
68 0.013942 0.004183 0.012709 1.000000 0.300000 0.911597 0.000000 0.000000 0.000000 0.986058 1
69 0.013735 0.004120 0.012007 1.000000 0.300000 0.874183 0.000000 0.000000 0.000000 0.986265 1
70 0.014076 0.004223 0.011645 1.000000 0.300000 0.827342 0.000000 0.000000 0.000000 0.985924 1
71 0.013765 0.004130 0.010783 1.000000 0.300000 0.783314 0.000000 0.000000 0.000000 0.986235 1
72 0.013999 0.004200 0.010221 1.000000 0.300000 0.730177 0.000000 0.000000 0.000000 0.986001 1
73 0.013731 0.004119 0.009330 1.000000 0.300000 0.679493 0.000000 0.000000 0.000000 0.986269 1
74 0.014046 0.004214 0.008698 1.000000 0.300000 0.619249 0.000000 0.000000 0.000000 0.985954 1
75 0.013894 0.004168 0.007807 1.000000 0.300000 0.561875 0.000000 0.000000 0.000000 0.986106 1
76 0.014127 0.004238 0.006994 1.000000 0.300000 0.495064 0.000000 0.000000 0.000000 0.985873 1
77 0.013920 0.004176 0.005988 1.000000 0.300000 0.430165 0.000000 0.000000 0.000000 0.986080 1
78 0.014108 0.004233 0.005021 1.000000 0.300000 0.355871 0.000000 0.000000 0.000000 0.985892 1
79 0.013971 0.004191 0.003967 1.000000 0.300000 0.283914 0.000000 0.000000 0.000000 0.986029 1
80 0.014169 0.004251 0.002862 1.000000 0.300000 0.202032 0.000000 0.000000 0.000000 0.985831 1
81 0.013985 0.004195 0.001705 1.000000 0.300000 0.121883 0.000000 0.000000 0.000000 0.986015 1
82 0.014144 0.004243 0.000449 1.000000 0.300000 0.031757 0.000000 0.000000 0.000000 0.985856 1
83 0.014021 0.004206 -0.000795 1.000000 0.300000 -0.056734 0.000000 0.000000 0.000000 0.985979 1
84 0.014235 0.004270 -0.002218 1.000000 0.300000 -0.155792 0.000000 0.000000 0.000000 0.985765 1
85 0.014149 0.004245 -0.003579 1.000000 0.300000 -0.252943 0.000000 0.000000 0.000000 0.985851 1
86 0.014209 0.004263 -0.005125 1.000000 0.300000 -0.360706 0.000000 0.000000 0.000000 0.985791 1
87 0.014123 0.004237 -0.006589 1.000000 0.300000 -0.466553 0.000000 0.000000 0.000000 0.985877 1
88 0.014193 0.004258 -0.008279 1.000000 0.300000 -0.583309 0.000000 0.000000 0.000000 0.985807 1
89 0.014282 0.004285 -0.009971 1.000000 0.300000 -0.698154 0.000000 0.000000 0.000000 0.985718 1
90 0.014319 0.004296 -0.011799 1.000000 0.300000 -0.823970 0.000000 0.000000 0.000000 0.985681 1
91 0.014381 0.004314 -0.013638 1.000000 0.300000 -0.948279 0.000000 0.000000 0.000000 0.985619 1
92 0.014349 0.004305 -0.014349 1.000000 0.300000 -1.000000 0.000000 0.000000 0.000000 0.985651 1
93 0.014471 0.004341 -0.014471 1.000000 0.300000 -1.000000 0.000000 0.000000 0.000000 0.985529 1
94 0.014491 0.004347 -0.014491 1.000000 0.300000 -1.000000 0.000000 0.000000 0.000000 0.985509 1
95 0.014611 0.004383 -0.014611 1.000000 0.300000 -1.000000 0.000000 0.000000 0.000000 0.985389 1
96 0.014505 0.004352 -0.014505 1.000000 0.300000 -1.000000 0.000000 0.000000 0.000000 0.985495 1
97 0.014559 0.004368 -0.014559 1.000000 0.300000 -1.000000 0.000000 0.000000 0.000000 0.985441 1
98 0.014448 0.004334 -0.014448 1.000000 0.300000 -1.000000 0.000000 0.000000 0.000000 0.985552 1
99 0.014614 0.004384 -0.014614 1.000000 0.300000 -1.000000 0.000000 0.000000 0.000000 0.985386 1
100 0.014466 0.004340 -0.014466 1.000000 0.300000 -1.000000 0.000000 0.000000 0.000000 0.985534 1
101 0.014550 0.004365 -0.014550 1.000000 0.300000 -1.000000 0.000000 0.000000 0.000000 0.985450 1
102 0.014419 0.004326 -0.014419 1.000000 0.300000 -1.000000 0.000000 0.000000 0.000000 0.985581 1
103 0.014501 0.004350 -0.014501 1.000000 0.300000 -1.000000 0.000000 0.000000 0.000000 0.985499 1
104 0.014485 0.004346 -0.014485 1.000000 0.300000 -1.000000 0.000000 0.000000 0.000000 0.985515 1
105 0.014545 0.004364 -0.014545 1.000000 0.300000 -1.000000 0.000000 0.000000 0.000000 0.985455 1
106 0.014426 0.004328 -0.014426 1.000000 0.300000 -1.000000 0.000000 0.000000 0.000000 0.985574 1
107 0.014496 0.004349 -0.014496 1.000000 0.300000 -1.000000 0.000000 0.000000 0.000000 0.985504 1
108 0.014079 0.002190 -0.014079 1.000000 0.155553 -1.000000 0.000000 0.000000 0.000000 0.985921 1
109 0.013950 0.000091 -0.013950 1.000000 0.006544 -1.000000 0.000000 0.000000 0.000000 0.986050 1
110 0.013585 -0.002331 -0.013585 1.000000 -0.171584 -1.000000 0.000000 0.000000 0.000000 0.986415 1
111 0.013315 -0.003995 -0.013315 1.000000 -0.300000 -1.000000 0.000000 0.000000 0.000000 0.986685 1
112 0.013430 -0.004029 -0.013430 1.000000 -0.300000 -1.000000 0.000000 0.000000 0.000000 0.986570 1
113 0.013265 -0.003979 -0.013265 1.000000 -0.300000 -1.000000 0.000000 0.000000 0.000000 0.986735 1
114 0.013503 -0.004051 -0.013503 1.000000 -0.300000 -1.000000 0.000000 0.000000 0.000000 0.986497 1
115 0.013353 -0.004006 -0.013353 1.000000 -0.300000 -1.000000 0.000000 0.000000 0.000000 0.986647 1
116 0.013502 -0.004051 -0.013502 1.000000 -0.300000 -1.000000 0.000000 0.000000 0.000000 0.986498 1
117 0.013354 -0.004006 -0.013354 1.000000 -0.300000 -1.000000 0.000000 0.000000 0.000000 0.986646 1
118 0.013560 -0.004068 -0.013560 1.000000 -0.300000 -1.000000 0.000000 0.000000 0.000000 0.986440 1
119 0.013485 -0.004045 -0.013485 1.000000 -0.300000 -1.000000 0.000000 0.000000 0.000000 0.986515 1
120 0.013661 -0.004098 -0.013661 1.000000 -0.300000 -1.000000 0.000000 0.000000 0.000000 0.986339 1
121 0.013485 -0.004045 -0.013485 1.000000 -0.300000 -1.000000 0.000000 0.000000 0.000000 0.986515 1
122 0.013590 -0.004077 -0.013590 1.000000 -0.300000 -1.000000 0.000000 0.000000 0.000000 0.986410 1
123 0.013429 -0.004029 -0.013429 1.000000 -0.300000 -1.000000 0.000000 0.000000 0.000000 0.986571 1
124 0.013638 -0.004091 -0.013638 1.000000 -0.300000 -1.000000 0.000000 0.000000 0.000000 0.986362 1
125 0.013453 -0.004036 -0.013453 1.000000 -0.300000 -1.000000 0.000000 0.000000 0.000000 0.986547 1
126 0.013582 -0.004075 -0.013582 1.000000 -0.300000 -1.000000 0.000000 0.000000 0.000000 0.986418 1
127 0.013411 -0.004023 0.013411 1.000000 -0.300000 1.000000 0.000000 0.000000 0.000000 0.986589 1
128 0.013599 -0.004080 0.013599 1.000000 -0.300000 1.000000 0.000000 0.000000 0.000000 0.986401 1
129 0.013037 -0.003911 0.013037 1.000000 -0.300000 1.000000 0.000000 0.000000 0.000000 0.986963 1
130 0.013344 -0.004003 0.013344 1.000000 -0.300000 1.000000 0.000000 0.000000 0.000000 0.986656 1
131 0.012801 -0.003840 0.012801 1.000000 -0.300000 1.000000 0.000000 0.000000 0.000000 0.987199 1
132 0.013229 -0.003969 0.013229 1.000000 -0.300000 1.000000 0.000000 0.000000 0.000000 0.986771 1
133 0.012671 -0.003801 0.012671 1.000000 -0.300000 1.000000 0.000000 0.000000 0.000000 0.987329 1
134 0.013195 -0.003959 0.013195 1.000000 -0.300000 1.000000 0.000000 0.000000 0.000000 0.986805 1
135 0.012663 -0.003799 0.012663 1.000000 -0.300000 1.000000 0.000000 0.000000 0.000000 0.987337 1
136 0.013128 -0.003938 0.013128 1.000000 -0.300000 1.000000 0.000000 0.000000 0.000000 0.986872 1
137 0.012540 -0.003762 0.012540 1.000000 -0.300000 1.000000 0.000000 0.000000 0.000000 0.987460 1
138 0.013019 -0.003906 0.013019 1.000000 -0.300000 1.000000 0.000000 0.000000 0.000000 0.986981 1
139 0.012529 -0.003759 0.012529 1.000000 -0.300000 1.000000 0.000000 0.000000 0.000000 0.987471 1
140 0.013006 -0.003902 0.013006 1.000000 -0.300000 1.000000 0.000000 0.000000 0.000000 0.986994 1
141 0.012434 -0.003730 0.012434 1.000000 -0.300000 1.000000 0.000000 0.000000 0.000000 0.987566 1
142 0.012927 -0.003878 0.012927 1.000000 -0.300000 1.000000 0.000000 0.000000 0.000000 0.987073 1
143 0.012564 -0.002769 0.012564 1.000000 -0.220379 1.000000 0.000000 0.000000 0.000000 0.987436 1
144 0.013332 -0.001821 0.013332 1.000000 -0.136621 1.000000 0.000000 0.000000 0.000000 0.986668 1
145 0.013018 -0.000460 0.013018 1.000000 -0.035350 1.000000 0.000000 0.000000 0.000000 0.986982 1
146 0.013756 0.000737 0.013756 1.000000 0.053560 1.000000 0.000000 0.000000 0.000000 0.986244 1
147 0.013496 0.002140 0.013496 1.000000 0.158580 1.000000 0.000000 0.000000 0.000000 0.986504 1
148 0.014199 0.003550 0.014199 1.000000 0.250017 1.000000 0.000000 0.000000 0.000000 0.985801 1
149 0.013932 0.004180 0.013932 1.000000 0.300000 1.000000 0.000000 0.000000 0.000000 0.986068 1
150 0.014314 0.004294 0.014314 1.000000 0.300000 1.000000 0.000000 0.000000 0.000000 0.985686 1
151 0.013954 0.004186 0.013954 1.000000 0.300000 1.000000 0.000000 0.000000 0.000000 0.986046 1
152 0.014293 0.004288 0.014293 1.000000 0.300000 1.000000 0.000000 0.000000 0.000000 0.985707 1
153 0.013881 0.004164 0.013881 1.000000 0.300000 1.000000 0.000000 0.000000 0.000000 0.986119 1
154 0.014249 0.004275 0.014249 1.000000 0.300000 1.000000 0.000000 0.000000 0.000000 0.985751 1
155 0.013830 0.004149 0.013830 1.000000 0.300000 1.000000 0.000000 0.000000 0.000000 0.986170 1
156 0.014195 0.004258 0.014195 1.000000 0.300000 1.000000 0.000000 0.000000 0.000000 0.985805 1
157 0.013806 0.004142 0.013806 1.000000 0.300000 1.000000 0.000000 0.000000 0.000000 0.986194 1
158 0.014205 0.004262 0.014205 1.000000 0.300000 1.000000 0.000000 0.000000 0.000000 0.985795 1
159 0.013821 0.004146 0.013821 1.000000 0.300000 1.000000 0.000000 0.000000 0.000000 0.986179 1
160 0.014191 0.004257 0.014191 1.000000 0.300000 1.000000 0.000000 0.000000 0.000000 0.985809 1
161 0.013789 0.004137 0.013789 1.000000 0.300000 1.000000 0.000000 0.000000 0.000000 0.986211 1
162 0.014218 0.004265 0.014218 1.000000 0.300000 1.000000 0.000000 0.000000 0.000000 0.985782 1
163 0.013820 0.004146 0.013820 1.000000 0.300000 1.000000 0.000000 0.000000 0.000000 0.986180 1
164 0.014246 0.004274 0.014246 1.000000 0.300000 1.000000 0.000000 0.000000 0.000000 0.985754 1
165 0.013829 0.004149 0.013829 1.000000 0.300000 1.000000 0.000000 0.000000 0.000000 0.986171 1
166 0.014240 0.004272 0.014240 1.000000 0.300000 1.000000 0.000000 0.000000 0.000000 0.985760 1
167 0.013836 0.004151 0.013836 1.000000 0.300000 1.000000 0.000000 0.000000 0.000000 0.986164 1
168 0.014279 0.004284 0.014279 1.000000 0.300000 1.000000 0.000000 0.000000 0.000000 0.985721 1
169 0.013873 0.004162 0.013873 1.000000 0.300000 1.000000 0.000000 0.000000 0.000000 0.986127 1
170 0.014281 0.004284 0.014281 1.000000 0.300000 1.000000 0.000000 0.000000 0.000000 0.985719 1
171 0.013853 0.004156 0.013853 1.000000 0.300000 1.000000 0.000000 0.000000 0.000000 0.986147 1
172 0.014321 0.004296 0.014321 1.000000 0.300000 1.000000 0.000000 0.000000 0.000000 0.985679 1
173 0.013893 0.004168 0.013893 1.000000 0.300000 1.000000 0.000000 0.000000 0.000000 0.986107 1
174 0.014356 0.004307 0.014356 1.000000 0.300000 1.000000 0.000000 0.000000 0.000000 0.985644 1
175 0.013909 0.004173 0.013909 1.000000 0.300000 1.000000 0.000000 0.000000 0.000000 0.986091 1
176 0.014355 0.004306 0.014355 1.000000 0.300000 1.000000 0.000000 0.000000 0.000000 0.985645 1
177 0.013918 0.004175 0.013918 1.000000 0.300000 1.000000 0.000000 0.000000 0.000000 0.986082 1
178 0.014454 0.004336 0.014454 1.000000 0.300000 1.000000 0.000000 0.000000 0.000000 0.985546 1
179 0.014060 0.004218 0.014060 1.000000 0.300000 1.000000 0.000000 0.000000 0.000000 0.985940 1
180 0.014576 0.004373 0.014576 1.000000 0.300000 1.000000 0.000000 0.000000 0.000000 0.985424 1
181 0.014167 0.004250 0.014167 1.000000 0.300000 1.000000 0.000000 0.000000 0.000000 0.985833 1
182 0.014700 0.004410 0.014700 1.000000 0.300000 1.000000 0.000000 0.000000 0.000000 0.985300 1
183 0.014274 0.004282 0.014274 1.000000 0.300000 1.000000 0.000000 0.000000 0.000000 0.985726 1
184 0.014752 0.004426 0.014752 1.000000 0.300000 1.000000 0.000000 0.000000 0.000000 0.985248 1
185 0.014207 0.004262 0.014207 1.000000 0.300000 1.000000 0.000000 0.000000 0.000000 0.985793 1
186 0.014676 0.004403 0.014676 1.000000 0.300000 1.000000 0.000000 0.000000 0.000000 0.985324 1
187 0.014151 0.004245 0.014151 1.000000 0.300000 1.000000 0.000000 0.000000 0.000000 0.985849 1
188 0.014924 0.005158 0.017194 0.867983 0.300000 1.000000 0.000000 0.000000 0.000000 0.982806 1
189 0.014826 0.006215 0.020717 0.715639 0.300000 1.000000 0.000000 0.000000 0.000000 0.979283 1
190 0.015984 0.008396 0.027985 0.571173 0.300000 1.000000 0.000000 0.000000 0.000000 0.972015 1
191 0.016568 0.012050 0.040167 0.412485 0.300000 1.000000 0.000000 0.000000 0.000000 0.959833 1
192 0.020604 0.022989 0.076631 0.268876 0.300000 1.000000 0.000000 0.000000 0.000000 0.923369 1
193 0.081271 0.206852 0.689507 0.117868 0.300000 1.000000 0.000000 0.000000 0.000000 0.310493 1
194 0.027510 0.040098 0.133661 0.205816 0.300000 1.000000 0.000000 0.000000 0.000000 0.866339 1
195 0.011118 0.007982 0.026607 0.417851 0.300000 1.000000 0.000000 0.000000 0.000000 0.973393 1
196 0.008748 0.006738 0.022460 0.389468 0.300000 1.000000 0.000000 0.000000 0.000000 0.977540 1
197 0.189523 0.300000 1.000000 0.189523 0.300000 1.000000 0.000000 0.000000 0.000000 0.000000 1
198 0.003607 0.003378 0.011259 0.320357 0.300000 1.000000 0.000000 0.000000 0.000000 0.988741 1
199 0.000000 0.000000 0.000000 0.694894 0.300000 1.000000 0.000000 0.000000 0.000000 1.000000 0
200 0.000000 0.000000 0.000000 0.684844 0.300000 1.000000 0.000000 0.000000 0.000000 1.000000 0
201 0.000000 0.000000 0.000000 0.434760 0.300000 -1.000000 0.000000 0.000000 0.000000 1.000000 0
202 0.204859 0.300000 -1.000000 0.204859 0.300000 -1.000000 0.000000 0.000000 0.000000 0.000000 1
203 -0.453285 0.300000 -1.000000 -0.453285 0.300000 -1.000000 0.000000 0.000000 0.000000 0.000000 1
204 -1.000000 0.300000 -1.000000 -1.000000 0.300000 -1.000000 0.000000 0.000000 0.000000 0.000000 1
205 -1.000000 0.300000 -1.000000 -1.000000 0.300000 -1.000000 0.000000 0.000000 0.000000 0.000000 1
206 -1.000000 0.300000 -1.000000 -1.000000 0.300000 -1.000000 0.000000 0.000000 0.000000 0.000000 1
207 -1.000000 0.300000 -1.000000 -1.000000 0.300000 -1.000000 0.000000 0.000000 0.000000 0.000000 1
208 -1.000000 0.300000 -1.000000 -1.000000 0.300000 -1.000000 0.000000 0.000000 0.000000 0.000000 1
209 -1.000000 0.300000 -1.000000 -1.000000 0.300000 -1.000000 0.000000 0.000000 0.000000 0.000000 1
