9 0.000000 0.000000 0.000000 0.429222 0.009143 -0.051933 0.000000 0.000000 0.000000 1.000000 0 6.747432053e-07
10 0.000000 0.000000 0.000000 0.431872 0.009605 0.150927 0.000000 0.000000 0.000000 1.000000 0 5.438923836e-07
11 0.000000 0.000000 0.000000 0.610363 0.057581 0.661132 0.000000 0.000000 0.000000 1.000000 0 5.452893674e-07
12 0.000000 0.000000 0.000000 0.795174 0.119494 0.840164 0.000000 0.000000 0.000000 1.000000 0 5.839392543e-07
13 0.000000 0.000000 0.000000 0.974895 0.205423 1.000000 0.000000 0.000000 0.000000 1.000000 0 5.592592061e-07
14 0.000000 0.000000 0.000000 1.000000 0.298391 1.000000 0.000000 0.000000 0.000000 1.000000 0 7.408671081e-07
15 0.000000 0.000000 0.000000 1.000000 0.300000 1.000000 0.000000 0.000000 0.000000 1.000000 0 5.112960935e-07
16 0.000000 0.000000 0.000000 1.000000 0.300000 1.000000 0.000000 0.000000 0.000000 1.000000 0 6.360933185e-07
17 0.000000 0.000000 0.000000 1.000000 0.300000 1.000000 0.000000 0.000000 0.000000 1.000000 0 5.536712706e-07
18 0.000000 0.000000 0.000000 1.000000 0.300000 1.000000 0.000000 0.000000 0.000000 1.000000 0 6.807968020e-07
19 0.000000 0.000000 0.000000 1.000000 0.300000 1.000000 0.000000 0.000000 0.000000 1.000000 0 6.780028343e-07
20 0.000000 0.000000 0.000000 1.000000 0.300000 1.000000 0.000000 0.000000 0.000000 1.000000 0 8.828938007e-07
21 0.000000 0.000000 0.000000 1.000000 0.300000 1.000000 0.000000 0.000000 0.000000 1.000000 0 2.849847078e-07
22 0.000000 0.000000 0.000000 1.000000 0.300000 1.000000 0.000000 0.000000 0.000000 1.000000 0 6.631016731e-07
23 0.000000 0.000000 0.000000 1.000000 0.300000 1.000000 0.000000 0.000000 0.000000 1.000000 0 6.253831089e-07
24 0.000000 0.000000 0.000000 1.000000 0.300000 1.000000 0.000000 0.000000 0.000000 1.000000 0 1.041684300e-06
25 0.000000 0.000000 0.000000 1.000000 0.300000 1.000000 0.000000 0.000000 0.000000 1.000000 0 4.358589649e-07
26 0.000000 0.000000 0.000000 1.000000 0.300000 1.000000 0.000000 0.000000 0.000000 1.000000 0 6.626360118e-07
27 0.000000 0.000000 0.000000 1.000000 0.300000 1.000000 0.000000 0.000000 0.000000 1.000000 0 6.379559636e-07
28 0.000000 0.000000 0.000000 1.000000 0.300000 1.000000 0.000000 0.000000 0.000000 1.000000 0 2.742744982e-07
29 0.000000 0.000000 0.000000 1.000000 0.300000 1.000000 0.000000 0.000000 0.000000 1.000000 0 7.031485438e-07
30 0.000000 0.000000 0.000000 1.000000 0.300000 1.000000 0.000000 0.000000 0.000000 1.000000 0 1.429580152e-07
31 0.000000 0.000000 0.000000 1.000000 0.300000 1.000000 0.000000 0.000000 0.000000 1.000000 0 6.863847375e-07
32 0.000000 0.000000 0.000000 1.000000 0.300000 1.000000 0.000000 0.000000 0.000000 1.000000 0 6.761401892e-07
33 0.000000 0.000000 0.000000 1.000000 0.300000 1.000000 0.000000 0.000000 0.000000 1.000000 0 8.689239621e-07
34 0.000000 0.000000 0.000000 1.000000 0.300000 1.000000 0.000000 0.000000 0.000000 1.000000 0 5.699694157e-07
35 0.000000 0.000000 0.000000 1.000000 0.300000 1.000000 0.000000 0.000000 0.000000 1.000000 0 7.092021406e-07
36 0.000000 0.000000 0.000000 1.000000 0.300000 1.000000 0.000000 0.000000 0.000000 1.000000 0 5.979090929e-07
37 0.000000 0.000000 0.000000 1.000000 0.300000 1.000000 0.000000 0.000000 0.000000 1.000000 0 7.250346243e-07
38 0.000000 0.000000 0.000000 1.000000 0.300000 1.000000 0.000000 0.000000 0.000000 1.000000 0 6.179325283e-07
39 0.000000 0.000000 0.000000 1.000000 0.300000 1.000000 0.000000 0.000000 0.000000 1.000000 0 6.067566574e-07
40 0.000000 0.000000 0.000000 1.000000 0.300000 1.000000 0.000000 0.000000 0.000000 1.000000 0 6.090849638e-07
41 0.000000 0.000000 0.000000 1.000000 0.300000 1.000000 0.000000 0.000000 0.000000 1.000000 0 8.749775589e-07
42 0.000000 0.000000 0.000000 1.000000 0.300000 1.000000 0.000000 0.000000 0.000000 1.000000 0 5.858018994e-07
43 0.000000 0.000000 0.000000 1.000000 0.300000 1.000000 0.000000 0.000000 0.000000 1.000000 0 6.160698831e-07
44 0.000000 0.000000 0.000000 1.000000 0.300000 1.000000 0.000000 0.000000 0.000000 1.000000 0 6.193295121e-07
45 0.000000 0.000000 0.000000 1.000000 0.300000 1.000000 0.000000 0.000000 0.000000 1.000000 0 6.770715117e-07
46 0.000000 0.000000 0.000000 1.000000 0.300000 1.000000 0.000000 0.000000 0.000000 1.000000 0 6.482005119e-07
47 0.000000 0.000000 0.000000 1.000000 0.300000 1.000000 0.000000 0.000000 0.000000 1.000000 0 6.039626896e-07
48 0.000000 0.000000 0.000000 1.000000 0.300000 1.000000 0.000000 0.000000 0.000000 1.000000 0 6.058253348e-07
49 0.000000 0.000000 0.000000 1.000000 0.300000 1.000000 0.000000 0.000000 0.000000 1.000000 0 6.230548024e-07
50 0.000000 0.000000 0.000000 1.000000 0.300000 1.000000 0.000000 0.000000 0.000000 1.000000 0 7.012858987e-07
51 0.000000 0.000000 0.000000 1.000000 0.300000 1.000000 0.000000 0.000000 0.000000 1.000000 0 5.811452866e-07
52 0.000000 0.000000 0.000000 0.969437 0.300000 1.000000 0.000000 0.000000 0.000000 1.000000 0 6.947666407e-07
53 0.000000 0.000000 0.000000 0.879651 0.300000 1.000000 0.000000 0.000000 0.000000 1.000000 0 4.330649972e-07
54 0.000000 0.000000 0.000000 0.811164 0.300000 1.000000 0.000000 0.000000 0.000000 1.000000 0 8.661299944e-07
55 0.000000 0.000000 0.000000 0.720520 0.300000 1.000000 0.000000 0.000000 0.000000 1.000000 0 5.299225450e-07
56 0.000000 0.000000 0.000000 0.652136 0.300000 1.000000 0.000000 0.000000 0.000000 1.000000 0 5.369074643e-07
57 0.000000 0.000000 0.000000 0.561046 0.300000 1.000000 0.000000 0.000000 0.000000 1.000000 0 5.289912224e-07
58 0.000000 0.000000 0.000000 0.493154 0.300000 1.000000 0.000000 0.000000 0.000000 1.000000 0 5.490146577e-07
59 0.000000 0.000000 0.000000 0.402013 0.300000 1.000000 0.000000 0.000000 0.000000 1.000000 0 5.331821740e-07
60 0.000000 0.000000 0.000000 0.335009 0.300000 1.000000 0.000000 0.000000 0.000000 1.000000 0 5.289912224e-07
61 0.000000 0.000000 0.000000 0.244217 0.300000 1.000000 0.000000 0.000000 0.000000 1.000000 0 5.299225450e-07
62 0.000000 0.000000 0.000000 0.178515 0.300000 1.000000 0.000000 0.000000 0.000000 1.000000 0 5.317851901e-07
63 0.000000 0.000000 0.000000 0.088500 0.300000 1.000000 0.000000 0.000000 0.000000 1.000000 0 5.289912224e-07
64 0.000000 0.000000 0.000000 0.024558 0.300000 1.000000 0.000000 0.000000 0.000000 1.000000 0 5.350448191e-07
65 0.000000 0.000000 0.000000 -0.064212 0.300000 1.000000 0.000000 0.000000 0.000000 1.000000 0 6.933696568e-07
66 0.000000 0.000000 0.000000 -0.125875 0.300000 1.000000 0.000000 0.000000 0.000000 1.000000 0 7.199123502e-07
67 0.000000 0.000000 0.000000 -0.212866 0.300000 1.000000 0.000000 0.000000 0.000000 1.000000 0 7.413327694e-07
68 -0.271650 0.300000 1.000000 -0.271650 0.300000 1.000000 0.000000 0.000000 0.000000 0.000000 1 6.309710443e-07
69 0.000000 0.000000 0.000000 0.284085 0.300000 1.000000 0.000000 0.000000 0.000000 1.000000 0 5.322508514e-07
70 0.000000 0.000000 0.000000 0.721900 0.300000 1.000000 0.000000 0.000000 0.000000 1.000000 0 8.875504136e-07
71 0.000000 0.000000 0.000000 0.699748 0.300000 1.000000 0.000000 0.000000 0.000000 1.000000 0 5.327165127e-07
72 0.000000 0.000000 0.000000 0.624405 0.300000 1.000000 0.000000 0.000000 0.000000 1.000000 0 5.327165127e-07
73 0.000000 0.000000 0.000000 0.740383 0.300000 1.000000 0.000000 0.000000 0.000000 1.000000 0 5.331821740e-07
74 0.000000 0.000000 0.000000 0.705595 0.300000 1.000000 0.000000 0.000000 0.000000 1.000000 0 7.157213986e-07
75 0.000000 0.000000 0.000000 0.725833 0.300000 1.000000 0.000000 0.000000 0.000000 1.000000 0 5.308538675e-07
76 0.000000 0.000000 0.000000 0.715005 0.300000 1.000000 0.000000 0.000000 0.000000 1.000000 0 8.367933333e-07
77 0.000000 0.000000 0.000000 0.700981 0.300000 1.000000 0.000000 0.000000 0.000000 1.000000 0 5.299225450e-07
78 0.000000 0.000000 0.000000 0.702580 0.300000 1.000000 0.000000 0.000000 0.000000 1.000000 0 5.331821740e-07
79 0.000000 0.000000 0.000000 0.684710 0.300000 1.000000 0.000000 0.000000 0.000000 1.000000 0 6.528571248e-07
80 0.000000 0.000000 0.000000 0.695297 0.300000 1.000000 0.000000 0.000000 0.000000 1.000000 0 5.271285772e-07
81 0.000000 0.000000 0.000000 0.682426 0.300000 1.000000 0.000000 0.000000 0.000000 1.000000 0 3.091990948e-07
82 0.000000 0.000000 0.000000 0.704138 0.300000 1.000000 0.000000 0.000000 0.000000 1.000000 0 5.299225450e-07
83 0.000000 0.000000 0.000000 0.699578 0.300000 1.000000 0.000000 0.000000 0.000000 1.000000 0 5.299225450e-07
84 0.000000 0.000000 0.000000 0.737260 0.300000 1.000000 0.000000 0.000000 0.000000 1.000000 0 5.289912224e-07
85 0.000000 0.000000 0.000000 0.746862 0.300000 1.000000 0.000000 0.000000 0.000000 1.000000 0 5.308538675e-07
86 0.000000 0.000000 0.000000 0.798174 0.300000 1.000000 0.000000 0.000000 0.000000 1.000000 0 2.002343535e-07
87 0.000000 0.000000 0.000000 0.822707 0.300000 1.000000 0.000000 0.000000 0.000000 1.000000 0 5.336478353e-07
88 0.000000 0.000000 0.000000 0.892854 0.300000 1.000000 0.000000 0.000000 0.000000 1.000000 0 5.289912224e-07
89 0.000000 0.000000 0.000000 0.933220 0.300000 1.000000 0.000000 0.000000 0.000000 1.000000 0 5.499459803e-07
90 0.000000 0.000000 0.000000 1.000000 0.300000 1.000000 0.000000 0.000000 0.000000 1.000000 0 5.289912224e-07
91 0.000000 0.000000 0.000000 1.000000 0.300000 1.000000 0.000000 0.000000 0.000000 1.000000 0 1.699663699e-07
92 0.000000 0.000000 0.000000 1.000000 0.300000 1.000000 0.000000 0.000000 0.000000 1.000000 0 2.677552402e-07
93 0.000000 0.000000 0.000000 1.000000 0.300000 1.000000 0.000000 0.000000 0.000000 1.000000 0 5.308538675e-07
94 0.000000 0.000000 0.000000 1.000000 0.300000 1.000000 0.000000 0.000000 0.000000 1.000000 0 5.597248673e-07
95 0.000000 0.000000 0.000000 1.000000 0.300000 1.000000 0.000000 0.000000 0.000000 1.000000 0 5.331821740e-07
96 0.000000 0.000000 0.000000 1.000000 0.300000 1.000000 0.000000 0.000000 0.000000 1.000000 0 5.690380931e-07
97 0.000000 0.000000 0.000000 1.000000 0.300000 1.000000 0.000000 0.000000 0.000000 1.000000 0 5.289912224e-07
98 0.000000 0.000000 0.000000 1.000000 0.300000 1.000000 0.000000 0.000000 0.000000 1.000000 0 5.257315934e-07
99 0.000000 0.000000 0.000000 1.000000 0.300000 0.888618 0.000000 0.000000 0.000000 1.000000 0 8.656643331e-07
100 0.000000 0.000000 0.000000 1.000000 0.300000 0.708186 0.000000 0.000000 0.000000 1.000000 0 5.690380931e-07
101 0.000000 0.000000 0.000000 1.000000 0.300000 0.531515 0.000000 0.000000 0.000000 1.000000 0 6.179325283e-07
102 0.000000 0.000000 0.000000 1.000000 0.300000 0.344190 0.000000 0.000000 0.000000 1.000000 0 5.308538675e-07
103 0.000000 0.000000 0.000000 1.000000 0.300000 0.161132 0.000000 0.000000 0.000000 1.000000 0 5.373731256e-07
104 0.000000 0.000000 0.000000 1.000000 0.300000 -0.031525 0.000000 0.000000 0.000000 1.000000 0 5.783513188e-07
105 0.000000 0.000000 0.000000 1.000000 0.300000 -0.218687 0.000000 0.000000 0.000000 1.000000 0 5.657784641e-07
106 0.000000 0.000000 0.000000 1.000000 0.300000 -0.414041 0.000000 0.000000 0.000000 1.000000 0 2.458691597e-07
107 0.000000 0.000000 0.000000 1.000000 0.300000 -0.603032 0.000000 0.000000 0.000000 1.000000 0 5.657784641e-07
108 0.000000 0.000000 0.000000 1.000000 0.300000 -0.799017 0.000000 0.000000 0.000000 1.000000 0 5.336478353e-07
109 0.000000 0.000000 0.000000 1.000000 0.300000 -0.986661 0.000000 0.000000 0.000000 1.000000 0 8.638016880e-07
110 0.000000 0.000000 0.000000 1.000000 0.300000 -0.988253 0.000000 0.000000 0.000000 1.000000 0 5.220063031e-07
111 0.000000 0.000000 0.000000 1.000000 0.300000 -1.000000 0.000000 0.000000 0.000000 1.000000 0 5.303882062e-07
112 0.000000 0.000000 0.000000 1.000000 0.300000 -1.000000 0.000000 0.000000 0.000000 1.000000 0 5.341134965e-07
113 0.000000 0.000000 0.000000 1.000000 0.300000 -1.000000 0.000000 0.000000 0.000000 1.000000 0 5.341134965e-07
114 0.000000 0.000000 0.000000 1.000000 0.300000 -1.000000 0.000000 0.000000 0.000000 1.000000 0 5.299225450e-07
115 0.000000 0.000000 0.000000 1.000000 0.300000 -1.000000 0.000000 0.000000 0.000000 1.000000 0 5.234032869e-07
116 0.000000 0.000000 0.000000 1.000000 0.300000 -1.000000 0.000000 0.000000 0.000000 1.000000 0 5.401670933e-07
117 0.000000 0.000000 0.000000 1.000000 0.300000 -1.000000 0.000000 0.000000 0.000000 1.000000 0 2.882443368e-07
118 0.000000 0.000000 0.000000 1.000000 0.300000 -1.000000 0.000000 0.000000 0.000000 1.000000 0 5.480833352e-07
119 0.000000 0.000000 0.000000 1.000000 0.300000 -1.000000 0.000000 0.000000 0.000000 1.000000 1 8.591450751e-07
120 0.000000 0.000000 0.000000 1.000000 0.300000 -1.000000 0.000000 0.000000 0.000000 1.000000 1 5.145557225e-07
121 0.000000 0.000000 0.000000 1.000000 0.300000 -1.000000 0.000000 0.000000 0.000000 1.000000 1 5.201436579e-07
122 0.000000 0.000000 0.000000 1.000000 0.300000 -1.000000 0.000000 0.000000 0.000000 1.000000 1 5.131587386e-07
123 0.000000 0.000000 0.000000 1.000000 0.300000 -1.000000 0.000000 0.000000 0.000000 1.000000 1 5.117617548e-07
124 0.000000 0.000000 0.000000 1.000000 0.300000 -1.000000 0.000000 0.000000 0.000000 1.000000 1 5.187466741e-07
125 0.000000 0.000000 0.000000 1.000000 0.300000 -1.000000 0.000000 0.000000 0.000000 1.000000 1 5.131587386e-07
126 0.000000 0.000000 0.000000 1.000000 0.300000 -1.000000 0.000000 0.000000 0.000000 1.000000 1 5.229376256e-07
127 0.000000 0.000000 0.000000 1.000000 0.300000 -1.000000 0.000000 0.000000 0.000000 1.000000 1 4.996545613e-07
128 0.000000 0.000000 0.000000 1.000000 0.300000 -1.000000 0.000000 0.000000 0.000000 1.000000 1 5.592592061e-07
129 0.000000 0.000000 0.000000 1.000000 0.300000 -1.000000 0.000000 0.000000 0.000000 1.000000 1 5.159527063e-07
130 0.000000 0.000000 0.000000 1.000000 0.300000 -1.000000 0.000000 0.000000 0.000000 1.000000 1 5.550682545e-07
131 0.000000 0.000000 0.000000 1.000000 0.300000 -1.000000 0.000000 0.000000 0.000000 1.000000 1 5.178153515e-07
132 0.000000 0.000000 0.000000 1.000000 0.300000 -1.000000 0.000000 0.000000 0.000000 1.000000 1 2.169981599e-07
133 0.000000 0.000000 0.000000 1.000000 0.300000 -1.000000 0.000000 0.000000 0.000000 1.000000 1 5.108304322e-07
134 0.000000 0.000000 0.000000 1.000000 0.300000 -1.000000 0.000000 0.000000 0.000000 1.000000 1 8.139759302e-07
135 0.000000 0.000000 0.000000 1.000000 0.300000 -1.000000 0.000000 0.000000 0.000000 1.000000 1 8.293427527e-07
136 0.000000 0.000000 0.000000 1.000000 0.300000 -1.000000 0.000000 0.000000 0.000000 1.000000 1 5.173496902e-07
137 0.000000 0.000000 0.000000 1.000000 0.300000 -1.000000 0.000000 0.000000 0.000000 1.000000 1 1.280568540e-07
138 0.000000 0.000000 0.000000 1.000000 0.300000 -1.000000 0.000000 0.000000 0.000000 1.000000 1 5.080364645e-07
139 0.000000 0.000000 0.000000 1.000000 0.300000 -1.000000 0.000000 0.000000 0.000000 1.000000 1 4.661269486e-07
140 0.000000 0.000000 0.000000 1.000000 0.300000 -1.000000 0.000000 0.000000 0.000000 1.000000 1 5.350448191e-07
141 0.000000 0.000000 0.000000 1.000000 0.300000 -1.000000 0.000000 0.000000 0.000000 1.000000 1 5.220063031e-07
142 0.000000 0.000000 0.000000 1.000000 0.300000 -1.000000 0.000000 0.000000 0.000000 1.000000 1 6.789341569e-07
143 0.000000 0.000000 0.000000 1.000000 0.300000 -1.000000 0.000000 0.000000 0.000000 1.000000 1 5.098991096e-07
144 0.000000 0.000000 0.000000 1.000000 0.300000 -1.000000 0.000000 0.000000 0.000000 1.000000 1 5.131587386e-07
145 0.000000 0.000000 0.000000 1.000000 0.300000 -1.000000 0.000000 0.000000 0.000000 1.000000 1 8.670613170e-07
146 0.000000 0.000000 0.000000 1.000000 0.300000 -1.000000 0.000000 0.000000 0.000000 1.000000 1 5.168840289e-07
147 0.000000 0.000000 0.000000 1.000000 0.300000 -1.000000 0.000000 0.000000 0.000000 1.000000 1 1.257285476e-07
148 0.000000 0.000000 0.000000 1.000000 0.300000 -1.000000 0.000000 0.000000 0.000000 1.000000 1 5.182810128e-07
149 0.000000 0.000000 0.000000 1.000000 0.300000 -1.000000 0.000000 0.000000 0.000000 1.000000 1 5.117617548e-07
150 0.000000 0.000000 0.000000 1.000000 0.300000 -1.000000 0.000000 0.000000 0.000000 1.000000 1 5.089677870e-07
151 0.000000 0.000000 0.000000 1.000000 0.300000 -1.000000 0.000000 0.000000 0.000000 1.000000 1 5.150213838e-07
152 0.000000 0.000000 0.000000 1.000000 0.300000 -1.000000 0.000000 0.000000 0.000000 1.000000 1 5.159527063e-07
153 0.000000 0.000000 0.000000 1.000000 0.300000 -1.000000 0.000000 0.000000 0.000000 1.000000 1 5.392357707e-07
154 0.000000 0.000000 0.000000 1.000000 0.300000 -1.000000 0.000000 0.000000 0.000000 1.000000 1 5.159527063e-07
155 0.000000 0.000000 0.000000 1.000000 0.300000 -1.000000 0.000000 0.000000 0.000000 1.000000 1 5.196779966e-07
156 0.000000 0.000000 0.000000 1.000000 0.300000 -1.000000 0.000000 0.000000 0.000000 1.000000 1 5.541369319e-07
157 0.000000 0.000000 0.000000 1.000000 0.300000 -1.000000 0.000000 0.000000 0.000000 1.000000 1 5.168840289e-07
158 0.000000 0.000000 0.000000 1.000000 0.300000 -1.000000 0.000000 0.000000 0.000000 1.000000 1 5.392357707e-07
159 0.000000 0.000000 0.000000 1.000000 0.300000 -1.000000 0.000000 0.000000 0.000000 1.000000 1 5.350448191e-07
160 0.000000 0.000000 0.000000 1.000000 0.300000 -1.000000 0.000000 0.000000 0.000000 1.000000 1 5.201436579e-07
161 0.000000 0.000000 0.000000 1.000000 0.300000 -1.000000 0.000000 0.000000 0.000000 1.000000 1 5.210749805e-07
162 0.000000 0.000000 0.000000 1.000000 0.300000 -1.000000 0.000000 0.000000 0.000000 1.000000 1 5.150213838e-07
163 0.000000 0.000000 0.000000 1.000000 0.300000 -1.000000 0.000000 0.000000 0.000000 1.000000 1 5.159527063e-07
164 0.000000 0.000000 0.000000 1.000000 0.300000 -1.000000 0.000000 0.000000 0.000000 1.000000 1 2.682209015e-07
165 0.000000 0.000000 0.000000 1.000000 0.300000 -1.000000 0.000000 0.000000 0.000000 1.000000 1 8.651986718e-07
166 0.000000 0.000000 0.000000 1.000000 0.300000 -1.000000 0.000000 0.000000 0.000000 1.000000 1 5.471520126e-07
167 0.000000 0.000000 0.000000 1.000000 0.300000 -1.000000 0.000000 0.000000 0.000000 1.000000 1 5.201436579e-07
168 0.000000 0.000000 0.000000 1.000000 0.300000 -1.000000 0.000000 0.000000 0.000000 1.000000 1 5.238689482e-07
169 0.000000 0.000000 0.000000 1.000000 0.300000 -1.000000 0.000000 0.000000 0.000000 1.000000 1 5.140900612e-07
170 0.000000 0.000000 0.000000 1.000000 0.300000 -1.000000 0.000000 0.000000 0.000000 1.000000 1 5.550682545e-07
171 0.000000 0.000000 0.000000 1.000000 0.300000 -1.000000 0.000000 0.000000 0.000000 1.000000 1 5.117617548e-07
172 0.000000 0.000000 0.000000 1.000000 0.300000 -1.000000 0.000000 0.000000 0.000000 1.000000 1 5.210749805e-07
173 0.000000 0.000000 0.000000 0.996088 0.300000 -1.000000 0.000000 0.000000 0.000000 1.000000 1 5.369074643e-07
174 0.000000 0.000000 0.000000 0.899692 0.300000 -1.000000 0.000000 0.000000 0.000000 1.000000 1 5.098991096e-07
175 0.000000 0.000000 0.000000 0.787991 0.300000 -1.000000 0.000000 0.000000 0.000000 1.000000 1 5.140900612e-07
176 0.000000 0.000000 0.000000 0.693480 0.300000 -1.000000 0.000000 0.000000 0.000000 1.000000 1 5.373731256e-07
177 0.000000 0.000000 0.000000 0.584889 0.300000 -1.000000 0.000000 0.000000 0.000000 1.000000 1 5.159527063e-07
178 0.000000 0.000000 0.000000 0.494157 0.300000 -1.000000 0.000000 0.000000 0.000000 1.000000 1 5.080364645e-07
179 0.000000 0.000000 0.000000 0.390615 0.300000 -1.000000 0.000000 0.000000 0.000000 1.000000 1 8.279457688e-07
180 0.000000 0.000000 0.000000 0.304094 0.300000 -1.000000 0.000000 0.000000 0.000000 1.000000 1 8.768402040e-07
181 0.000000 0.000000 0.000000 0.206395 0.300000 -1.000000 0.000000 0.000000 0.000000 1.000000 1 5.061738193e-07
182 0.000000 0.000000 0.000000 0.126042 0.300000 -1.000000 0.000000 0.000000 0.000000 1.000000 1 5.010515451e-07
183 0.036830 0.300000 -1.000000 0.036830 0.300000 -1.000000 0.000000 0.000000 0.000000 0.000000 1 8.847564459e-07
184 -0.533182 0.300000 -1.000000 -0.533182 0.300000 -1.000000 0.000000 0.000000 0.000000 0.000000 1 7.031485438e-07
185 -0.764553 0.300000 -1.000000 -0.764553 0.300000 -1.000000 0.000000 0.000000 0.000000 0.000000 1 6.337650120e-07
186 -1.000000 0.300000 -1.000000 -1.000000 0.300000 -1.000000 0.000000 0.000000 0.000000 0.000000 1 7.008202374e-07
187 -1.000000 0.300000 -1.000000 -1.000000 0.300000 -1.000000 0.000000 0.000000 0.000000 0.000000 1 6.430782378e-07
188 -0.975635 0.292691 -0.975635 -1.000000 0.300000 -1.000000 0.000000 0.000000 0.000000 0.024365 1 1.708976924e-07
189 -0.758568 0.227570 -0.565352 -1.000000 0.300000 -0.745288 0.000000 0.000000 0.000000 0.241432 1 5.322508514e-07
190 -0.730295 0.003710 0.259799 -1.000000 0.005080 0.355746 0.000000 0.000000 0.000000 0.269705 1 6.509944797e-07
191 0.000000 0.000000 0.000000 -0.800548 0.300000 0.596470 0.000000 0.000000 0.000000 1.000000 1 8.209608495e-07
192 0.000000 0.000000 0.000000 -0.711605 0.300000 0.763343 0.000000 0.000000 0.000000 1.000000 1 5.168840289e-07
193 0.000000 0.000000 0.000000 -0.579520 0.300000 0.935755 0.000000 0.000000 0.000000 1.000000 1 1.592561603e-07
194 0.000000 0.000000 0.000000 -0.414921 0.300000 1.000000 0.000000 0.000000 0.000000 1.000000 1 5.369074643e-07
195 0.000000 0.000000 0.000000 -0.264014 0.300000 1.000000 0.000000 0.000000 0.000000 1.000000 1 5.532056093e-07
196 0.000000 0.000000 0.000000 -0.116346 0.300000 1.000000 0.000000 0.000000 0.000000 1.000000 1 6.509944797e-07
197 0.000000 0.000000 0.000000 0.024280 0.300000 1.000000 0.000000 0.000000 0.000000 1.000000 1 8.433125913e-07
198 0.000000 0.000000 0.000000 0.155639 0.300000 1.000000 0.000000 0.000000 0.000000 1.000000 1 4.428438842e-07
199 0.000000 0.000000 0.000000 0.276905 0.300000 1.000000 0.000000 0.000000 0.000000 1.000000 1 6.943009794e-07
200 0.000000 0.000000 0.000000 0.387245 0.300000 1.000000 0.000000 0.000000 0.000000 1.000000 1 7.231719792e-07
201 0.000000 0.000000 0.000000 0.484472 0.300000 1.000000 0.000000 0.000000 0.000000 1.000000 1 6.342306733e-07
202 0.000000 0.000000 0.000000 0.567356 0.300000 1.000000 0.000000 0.000000 0.000000 1.000000 1 5.997717381e-07
203 0.000000 0.000000 0.000000 0.634218 0.300000 1.000000 0.000000 0.000000 0.000000 1.000000 1 1.667067409e-07
204 0.000000 0.000000 0.000000 0.684605 0.300000 1.000000 0.000000 0.000000 0.000000 1.000000 1 5.667097867e-07
205 0.000000 0.000000 0.000000 0.717605 0.300000 1.000000 0.000000 0.000000 0.000000 1.000000 1 5.210749805e-07
206 0.000000 0.000000 0.000000 0.732481 0.300000 1.000000 0.000000 0.000000 0.000000 1.000000 1 3.157183528e-07
207 0.000000 0.000000 0.000000 0.728731 0.300000 1.000000 0.000000 0.000000 0.000000 1.000000 1 5.303882062e-07
208 0.000000 0.000000 0.000000 0.706617 0.300000 1.000000 0.000000 0.000000 0.000000 1.000000 1 5.462206900e-07
209 0.000000 0.000000 0.000000 0.665874 0.300000 1.000000 0.000000 0.000000 0.000000 1.000000 1 5.308538675e-07
