9 0.429222 0.009143 -0.051933
10 0.431872 0.009605 0.150928
11 0.569263 0.082512 0.682412
12 0.643326 0.111886 0.740636
13 0.633384 0.137374 0.669047
14 0.589078 0.186439 0.645943
15 0.565058 0.171769 0.641486
16 0.523663 0.179481 0.680076
17 0.511227 0.136216 0.564638
18 0.485820 0.128354 0.582941
19 0.463836 0.102354 0.482178
20 0.438302 0.097679 0.495086
21 0.416586 0.080132 0.419878
22 0.392472 0.077440 0.436545
23 0.371266 0.066596 0.384212
24 0.349590 0.063034 0.395004
25 0.328683 0.060344 0.362417
26 0.308987 0.057667 0.366988
27 0.289431 0.061388 0.351668
28 0.272205 0.060587 0.352148
29 0.255706 0.066494 0.326220
30 0.241119 0.069091 0.321173
31 0.227776 0.079133 0.300300
32 0.216147 0.088073 0.295775
33 0.206733 0.105638 0.286229
34 0.199468 0.123040 0.286774
35 0.195521 0.149648 0.288311
36 0.195396 0.177925 0.292693
37 0.201358 0.215460 0.301025
38 0.213433 0.258028 0.319799
39 0.238141 0.307587 0.317688
40 0.272572 0.368387 0.351071
41 0.320157 0.394711 0.308619
42 0.332371 0.358383 0.337343
43 0.349467 0.320139 0.296937
44 0.357127 0.282756 0.329482
45 0.374326 0.234504 0.255916
46 0.383118 0.190303 0.257207
47 0.395140 0.137552 0.174003
48 0.403002 0.087301 0.146768
49 0.411020 0.034137 0.084471
50 0.420771 -0.021599 0.055385
51 0.436663 -0.081842 0.020984
52 0.462643 -0.152542 0.000921
53 0.518596 -0.263007 -0.047575
54 1.720559 -1.241079 -0.004751
55 0.519258 -0.330615 -0.026814
56 0.510516 -0.309065 0.078862
57 0.440558 -0.369680 -0.158686
58 0.440000 -0.347289 -0.089985
59 0.401809 -0.361352 -0.184704
60 0.412247 -0.320283 -0.027911
61 0.389213 -0.319576 -0.051365
62 0.401157 -0.280354 0.104983
63 0.374482 -0.289856 0.025048
64 0.387494 -0.215080 0.165819
65 0.365452 -0.155291 0.083955
66 0.357729 -0.072370 0.176540
67 0.334967 -0.029488 0.106996
68 0.314692 -0.000739 0.095430
69 0.294564 0.012382 0.041200
70 0.277093 0.008635 0.001771
71 0.262194 0.000103 -0.045102
72 0.249470 -0.020000 -0.078838
73 0.239150 -0.040093 -0.112573
74 0.231615 -0.069062 -0.141523
75 0.226854 -0.098310 -0.175249
76 0.227433 -0.134873 -0.201140
77 0.232321 -0.175470 -0.245670
78 0.249801 -0.220549 -0.252577
79 0.271782 -0.278948 -0.326326
80 0.314845 -0.315748 -0.300995
81 0.328996 -0.335480 -0.430292
82 0.385479 -0.314131 -0.321096
83 0.441628 -0.342851 -0.431437
84 0.555054 -0.339421 -0.358539
85 0.815626 -0.421466 -0.431475
86 1.283497 -0.399720 -0.375019
87 1.530946 -0.038445 -0.331707
88 1.576647 0.448593 -0.327968
89 1.414495 0.906609 -0.232360
90 1.023961 1.247575 -0.151250
91 0.630605 1.363598 -0.132941
92 0.237156 1.323436 -0.110684
93 0.173585 1.167840 -0.292929
94 0.177828 1.043149 -0.411877
95 0.281867 0.867116 -0.536082
96 0.342059 0.682233 -0.614296
97 0.409623 0.523078 -0.617403
98 0.431119 0.344935 -0.626020
99 0.480423 0.168194 -0.668900
100 0.488540 -0.034539 -0.779566
101 0.501381 -0.211481 -0.870057
102 0.549048 -0.336757 -0.910714
103 0.588372 -0.422531 -0.957567
104 0.704205 -0.421275 -0.766511
105 0.717323 -0.424155 -0.776179
106 0.726214 -0.374405 -0.618017
107 0.663596 -0.366831 -0.626147
108 0.641133 -0.318121 -0.527914
109 0.603365 -0.310844 -0.560930
110 0.664685 -0.253512 -0.263293
111 0.640005 -0.231771 -0.541120
112 0.620690 -0.153495 -0.477803
113 0.588499 -0.119693 -0.468881
114 0.573167 -0.108215 -0.395076
115 0.548160 -0.124232 -0.447691
116 0.525864 -0.102003 -0.427770
117 0.499191 -0.104571 -0.518925
118 0.467105 -0.096980 -0.481306
119 0.436415 -0.098264 -0.498366
120 0.410244 -0.091089 -0.446439
121 0.386631 -0.089102 -0.467847
122 0.364639 -0.083635 -0.427118
123 0.344971 -0.079176 -0.443766
124 0.324780 -0.078151 -0.414184
125 0.307571 -0.073629 -0.422135
126 0.289748 -0.074853 -0.386665
127 0.274408 -0.071632 -0.383677
128 0.259177 -0.075117 -0.352477
129 0.245589 -0.074736 -0.352433
130 0.232867 -0.080988 -0.324063
131 0.221138 -0.085665 -0.325246
132 0.211477 -0.097203 -0.300223
133 0.202517 -0.109764 -0.307867
134 0.197715 -0.128755 -0.286148
135 0.193419 -0.151563 -0.304156
136 0.196973 -0.179721 -0.280806
137 0.199971 -0.216093 -0.319035
138 0.217385 -0.255314 -0.292284
139 0.231601 -0.310945 -0.365012
140 0.280610 -0.357099 -0.288903
141 0.304936 -0.407966 -0.393849
142 0.341611 -0.358567 -0.268356
143 0.342426 -0.328617 -0.345626
144 0.370412 -0.270720 -0.221496
145 0.373352 -0.234009 -0.276731
146 0.394492 -0.167054 -0.128958
147 0.398564 -0.124611 -0.157509
148 0.406751 -0.067159 -0.071457
149 0.412409 -0.017121 -0.061968
150 0.420222 0.038555 -0.014771
151 0.433126 0.098045 0.002184
152 0.461372 0.168512 0.012762
153 0.504411 0.263221 0.043684
154 0.533265 0.348271 0.086322
155 0.512841 0.343859 0.049438
156 0.482110 0.347162 0.055769
157 0.473827 0.324417 -0.035820
158 0.449125 0.320480 -0.043008
159 0.441260 0.299112 -0.105694
160 0.419913 0.292635 -0.100224
161 0.410042 0.275753 -0.126466
162 0.392730 0.267559 -0.116776
163 0.381799 0.204772 -0.109606
164 0.364058 0.117363 -0.099174
165 0.345162 0.050310 -0.105806
166 0.322105 -0.003139 -0.104673
167 0.300941 -0.022007 -0.075925
168 0.281977 -0.033132 -0.039286
169 0.265352 -0.025364 -0.014435
170 0.251126 -0.014520 0.034199
171 0.237970 0.005877 0.063564
172 0.226733 0.025269 0.101319
173 0.217416 0.052564 0.131107
174 0.210712 0.077650 0.157008
175 0.207416 0.110888 0.185311
176 0.208875 0.144107 0.205671
177 0.215823 0.188286 0.246568
178 0.232340 0.235363 0.280845
179 0.260450 0.292612 0.317758
180 0.299091 0.346454 0.375665
181 0.332378 0.343349 0.371183
182 0.377823 0.358878 0.439046
183 0.445843 0.363043 0.416612
184 0.569963 0.403349 0.467441
185 0.824657 0.466423 0.457169
186 1.283265 0.471655 0.460831
187 1.541974 0.180958 0.481099
188 1.616922 -0.339700 0.452415
189 1.399847 -0.836638 0.406065
190 1.031864 -1.125685 0.369555
191 0.664065 -1.081912 0.362794
192 0.516272 -0.921001 0.411373
193 0.623613 -0.732525 0.691026
194 0.715462 -0.432424 1.078739
195 0.648221 -0.257506 1.065235
196 0.704286 -0.047266 1.094936
197 0.707517 0.133038 1.076553
198 0.683816 0.271925 1.064740
199 0.694037 0.348769 0.951046
200 0.686161 0.437392 0.943242
201 0.786852 0.434665 0.739007
202 0.780691 0.463703 0.770566
203 0.783383 0.425745 0.678362
204 0.719623 0.392983 0.635177
205 0.659495 0.336722 0.534552
206 0.586822 0.318279 0.553983
207 0.578841 0.311108 0.611822
208 0.562207 0.289206 0.637288
209 0.591618 0.255447 0.574702
