9 0.534506 -0.011307 -0.006593 0.429222 0.009143 -0.051933 0.549815 -0.014280 0.000000 0.873054 1 1.030899584e-04
10 0.534434 -0.011150 0.019683 0.431872 0.009605 0.150927 0.549815 -0.014263 0.000000 0.869589 1 5.187280476e-05
11 0.563774 0.092959 0.719996 0.563774 0.092959 0.719996 0.549999 0.001004 0.000000 0.000000 1 5.832081661e-05
12 0.624147 0.133242 0.795447 0.624147 0.133242 0.795447 0.549223 -0.029223 0.000000 0.000000 1 3.837002441e-05
13 0.614517 0.151773 0.685826 0.614517 0.151773 0.685826 0.539120 -0.108854 0.000000 0.000000 1 6.606290117e-05
14 0.587258 0.207405 0.633133 0.587258 0.207405 0.633133 0.522898 -0.170523 0.000000 0.000000 1 3.167614341e-05
15 0.599884 0.141471 0.463821 0.627034 0.242759 0.591598 0.501333 -0.226197 0.000000 0.215986 1 2.215537243e-04
16 0.538947 -0.057838 0.234878 0.628931 0.299832 0.678429 0.491297 -0.247239 0.000000 0.653791 1 7.304502651e-05
17 0.474046 -0.254371 0.046072 0.666798 0.300000 0.605819 0.458181 -0.300000 0.000000 0.923951 1 1.899413764e-04
18 0.518076 -0.116654 0.213304 0.679183 0.300000 0.698037 0.447181 -0.300000 0.000000 0.694423 1 7.446622476e-05
19 0.497637 -0.144888 0.212196 0.658603 0.300000 0.820812 0.441515 -0.300000 0.000000 0.741480 1 8.178688586e-05
20 0.403757 -0.279441 0.000000 0.625832 0.300000 1.000000 0.403757 -0.279441 0.000000 1.000000 1 1.309379004e-04
21 0.316602 -0.257666 0.000025 0.642077 0.300000 1.000000 0.316594 -0.257680 0.000000 0.999975 1 5.043623969e-05
22 0.273680 -0.204057 0.000000 0.611921 0.300000 1.000000 0.273680 -0.204057 0.000000 1.000000 1 2.211267129e-04
23 0.622500 0.300000 1.000000 0.622500 0.300000 1.000000 0.215710 -0.167477 0.000000 0.000000 1 3.534695134e-05
24 0.631527 0.300000 1.000000 0.631527 0.300000 1.000000 0.178177 -0.133894 0.000000 0.000000 1 5.121715367e-05
25 0.772578 0.300000 1.000000 0.772578 0.300000 1.000000 0.110019 -0.106259 0.000000 0.000000 1 6.541796029e-05
26 0.792165 0.300000 1.000000 0.792165 0.300000 1.000000 0.059076 -0.063002 0.000000 0.000000 1 5.563627928e-05
27 0.891516 0.271682 0.912444 0.975452 0.300000 1.000000 0.016796 -0.023423 0.000000 0.087556 1 1.274586190e-03
28 0.915592 0.279882 0.932939 0.981406 0.300000 1.000000 0.000000 -0.000000 0.000000 0.067061 1 1.069232821e-04
29 0.808087 0.242426 0.756186 1.000000 0.300000 0.935774 0.000000 -0.000000 0.000000 0.191913 1 1.742457971e-04
30 0.740183 0.222055 0.609134 1.000000 0.300000 0.822951 0.000000 -0.000000 0.000000 0.259817 1 6.694113836e-05
31 0.683710 0.205113 0.509680 1.000000 0.300000 0.745462 0.000000 -0.000000 0.000000 0.316290 1 3.623403609e-05
32 0.632167 0.189650 0.456161 1.000000 0.300000 0.721583 0.000000 -0.000000 0.000000 0.367833 1 5.125300959e-05
33 0.594019 0.178206 0.435823 1.000000 0.300000 0.733685 0.000000 -0.000000 0.000000 0.405981 1 1.366576180e-05
34 0.544822 0.163447 0.388584 1.000000 0.300000 0.713231 0.000000 -0.000000 0.000000 0.455178 1 5.388120189e-05
35 0.493630 0.148089 0.308823 1.000000 0.300000 0.625615 -0.000000 -0.000000 0.000000 0.506370 1 2.645514905e-05
36 0.446688 0.134006 0.265514 1.000000 0.300000 0.594405 -0.000000 -0.000000 0.000000 0.553312 1 5.543930456e-05
37 0.402445 0.120734 0.210654 1.000000 0.300000 0.523435 -0.000000 -0.000000 0.000000 0.597555 1 5.398876965e-05
38 0.360612 0.108184 0.183640 1.000000 0.300000 0.509245 -0.000000 -0.000000 0.000000 0.639388 1 1.984694973e-05
39 0.304562 0.091369 0.144600 1.000000 0.300000 0.474779 -0.000000 -0.000000 0.000000 0.695438 1 1.114518382e-04
40 0.251687 0.075506 0.121093 1.000000 0.300000 0.481126 -0.000000 -0.000000 0.000000 0.748313 1 5.898997188e-05
41 0.210158 0.063048 0.097228 1.000000 0.300000 0.462640 -0.000000 -0.000000 0.000000 0.789842 1 9.026564658e-05
42 0.172250 0.051675 0.081641 1.000000 0.300000 0.473967 -0.000000 -0.000000 0.000000 0.827750 1 2.197632566e-04
43 0.145806 0.043742 0.069935 1.000000 0.300000 0.479647 -0.000000 -0.000000 0.000000 0.854194 1 2.233781852e-04
44 0.119366 0.035810 0.058601 1.000000 0.300000 0.490937 -0.000000 -0.000000 0.000000 0.880634 1 4.398403689e-05
45 0.102913 0.030874 0.052599 1.000000 0.300000 0.511098 -0.000000 -0.000000 0.000000 0.897087 1 4.230206832e-05
46 0.085022 0.025507 0.044477 1.000000 0.300000 0.523127 -0.000000 -0.000000 0.000000 0.914978 1 5.707284436e-05
47 0.073896 0.022169 0.039987 1.000000 0.300000 0.541120 -0.000000 -0.000000 0.000000 0.926104 1 4.484271631e-05
48 0.061736 0.018521 0.034006 1.000000 0.300000 0.550835 -0.000000 -0.000000 0.000000 0.938264 1 4.551699385e-05
49 0.054315 0.016295 0.030732 1.000000 0.300000 0.565810 -0.000000 -0.000000 0.000000 0.945685 1 4.436960444e-05
50 0.045870 0.013761 0.026238 1.000000 0.300000 0.572012 -0.000000 -0.000000 0.000000 0.954130 1 7.017608732e-05
51 0.041040 0.012312 0.023936 1.000000 0.300000 0.583234 -0.000000 -0.000000 0.000000 0.958960 1 3.579072654e-05
52 0.035122 0.010537 0.020608 1.000000 0.300000 0.586759 -0.000000 -0.000000 0.000000 0.964878 1 4.258379340e-05
53 0.032070 0.009621 0.019043 1.000000 0.300000 0.593816 -0.000000 -0.000000 0.000000 0.967930 1 3.530830145e-05
54 0.027684 0.008305 0.016429 1.000000 0.300000 0.593432 -0.000000 -0.000000 0.000000 0.972316 1 3.318022937e-05
55 0.025769 0.007731 0.015370 1.000000 0.300000 0.596468 -0.000000 -0.000000 0.000000 0.974231 1 3.449199721e-05
56 0.022353 0.006706 0.013224 1.000000 0.300000 0.591589 -0.000000 -0.000000 0.000000 0.977647 1 3.359233961e-05
57 0.021204 0.006361 0.012505 1.000000 0.300000 0.589765 -0.000000 -0.000000 0.000000 0.978796 1 3.509595990e-05
58 0.018463 0.005539 0.010712 1.000000 0.300000 0.580161 -0.000000 -0.000000 0.000000 0.981537 1 3.488734365e-05
59 0.017817 0.005345 0.010218 1.000000 0.300000 0.573523 -0.000000 -0.000000 0.000000 0.982183 1 5.441904068e-05
60 0.015636 0.004691 0.008740 1.000000 0.300000 0.558946 -0.000000 -0.000000 0.000000 0.984364 1 6.047403440e-05
61 0.015377 0.004613 0.008416 1.000000 0.300000 0.547306 -0.000000 -0.000000 0.000000 0.984623 1 2.452405170e-05
62 0.013589 0.004077 0.007168 1.000000 0.300000 0.527474 -0.000000 -0.000000 0.000000 0.986411 1 3.441190347e-05
63 0.013610 0.004083 0.006948 1.000000 0.300000 0.510540 -0.000000 -0.000000 0.000000 0.986390 1 1.799920574e-05
64 0.012111 0.003633 0.005876 1.000000 0.300000 0.485194 -0.000000 -0.000000 0.000000 0.987889 1 3.292225301e-05
65 0.012330 0.003699 0.005705 1.000000 0.300000 0.462689 -0.000000 -0.000000 0.000000 0.987670 1 4.155328497e-05
66 0.011012 0.003303 0.004752 1.000000 0.300000 0.431562 -0.000000 -0.000000 0.000000 0.988988 1 5.459273234e-05
67 0.011358 0.003407 0.004579 1.000000 0.300000 0.403198 -0.000000 -0.000000 0.000000 0.988642 1 3.865407780e-05
68 0.010156 0.003047 0.003717 1.000000 0.300000 0.366017 -0.000000 -0.000000 0.000000 0.989844 1 3.383401781e-05
69 0.010667 0.003200 0.003539 1.000000 0.300000 0.331755 -0.000000 -0.000000 0.000000 0.989333 1 3.413902596e-05
70 0.009598 0.002879 0.002763 1.000000 0.300000 0.287827 -0.000000 -0.000000 0.000000 0.990402 1 3.479002044e-05
71 0.010076 0.003023 0.002484 1.000000 0.300000 0.246570 -0.000000 -0.000000 0.000000 0.989924 1 5.467608571e-05
72 0.008995 0.002698 0.001767 1.000000 0.300000 0.196460 -0.000000 -0.000000 0.000000 0.991005 1 3.446917981e-05
73 0.009535 0.002860 0.001415 1.000000 0.300000 0.148401 -0.000000 -0.000000 0.000000 0.990465 1 5.414709449e-05
74 0.008507 0.002552 0.000771 1.000000 0.300000 0.090594 -0.000000 -0.000000 0.000000 0.991493 1 5.910266191e-05
75 0.009105 0.002732 0.000328 1.000000 0.300000 0.036076 -0.000000 -0.000000 0.000000 0.990895 1 3.512063995e-05
76 0.008123 0.002437 -0.000231 1.000000 0.300000 -0.028403 -0.000000 -0.000000 0.000000 0.991877 1 3.414694220e-05
77 0.008729 0.002619 -0.000795 1.000000 0.300000 -0.091047 -0.000000 -0.000000 0.000000 0.991271 1 3.789411858e-05
78 0.007745 0.002324 -0.001264 1.000000 0.300000 -0.163217 -0.000000 -0.000000 0.000000 0.992255 1 3.711087629e-05
79 0.008440 0.002532 -0.001968 1.000000 0.300000 -0.233208 -0.000000 -0.000000 0.000000 0.991560 1 3.452692181e-05
80 0.007486 0.002246 -0.002348 1.000000 0.300000 -0.313589 -0.000000 -0.000000 0.000000 0.992514 1 5.461601540e-05
81 0.008131 0.002439 -0.003189 1.000000 0.300000 -0.392135 -0.000000 -0.000000 0.000000 0.991869 1 6.035808474e-05
82 0.007170 0.002151 -0.003450 1.000000 0.300000 -0.481111 -0.000000 -0.000000 0.000000 0.992830 1 5.546305329e-05
83 0.007833 0.002350 -0.004453 1.000000 0.300000 -0.568451 -0.000000 -0.000000 0.000000 0.992167 1 5.517480895e-05
84 0.006886 0.002066 -0.004594 1.000000 0.300000 -0.667201 -0.000000 -0.000000 0.000000 0.993114 1 5.600834265e-05
85 0.007524 0.002257 -0.005746 1.000000 0.300000 -0.763678 -0.000000 -0.000000 0.000000 0.992476 1 5.564698949e-05
86 0.006554 0.001966 -0.005710 1.000000 0.300000 -0.871169 -0.000000 -0.000000 0.000000 0.993446 1 5.495408550e-05
87 0.007237 0.002171 -0.007073 1.000000 0.300000 -0.977334 -0.000000 -0.000000 0.000000 0.992763 1 3.421399742e-05
88 0.006267 0.001880 -0.006267 1.000000 0.300000 -1.000000 -0.000000 -0.000000 0.000000 0.993733 1 3.914814442e-05
89 0.007057 0.002117 -0.007057 1.000000 0.300000 -1.000000 -0.000000 -0.000000 0.000000 0.992943 1 3.506382927e-05
90 0.006120 0.001836 -0.006120 1.000000 0.300000 -1.000000 -0.000000 -0.000000 0.000000 0.993880 1 3.668898717e-05
91 0.006852 0.002056 -0.006852 1.000000 0.300000 -1.000000 -0.000000 -0.000000 0.000000 0.993148 1 5.946401507e-05
92 0.005899 0.001770 -0.005899 1.000000 0.300000 -1.000000 -0.000000 -0.000000 0.000000 0.994101 1 5.541788414e-05
93 0.006648 0.001994 -0.006648 1.000000 0.300000 -1.000000 -0.000000 -0.000000 0.000000 0.993352 1 3.515928984e-05
94 0.005766 0.001730 -0.005766 1.000000 0.300000 -1.000000 -0.000000 -0.000000 0.000000 0.994234 1 3.454415128e-05
95 0.006492 0.001948 -0.006492 1.000000 0.300000 -1.000000 -0.000000 -0.000000 0.000000 0.993508 1 3.332085907e-05
96 0.005601 0.001680 -0.005601 1.000000 0.300000 -1.000000 -0.000000 -0.000000 0.000000 0.994399 1 3.422889858e-05
97 0.006374 0.001912 -0.006374 1.000000 0.300000 -1.000000 -0.000000 -0.000000 0.000000 0.993626 1 3.297394142e-05
98 0.005506 0.001652 -0.005506 1.000000 0.300000 -1.000000 -0.000000 -0.000000 0.000000 0.994494 1 3.407569602e-05
99 0.006372 0.001912 -0.006372 1.000000 0.300000 -1.000000 -0.000000 -0.000000 0.000000 0.993628 1 3.287196159e-05
100 0.006365 0.001192 -0.006365 1.000000 0.187220 -1.000000 -0.000000 -0.000000 0.000000 0.993635 1 9.056692943e-05
101 0.009452 0.000212 -0.009452 1.000000 0.022448 -1.000000 -0.000000 -0.000000 0.000000 0.990548 1 9.194202721e-05
102 0.012458 -0.002205 -0.012458 1.000000 -0.176959 -1.000000 -0.000000 -0.000000 0.000000 0.987542 1 4.444038495e-05
103 0.021690 -0.006507 -0.021690 1.000000 -0.300000 -1.000000 -0.000000 -0.000000 0.000000 0.978310 1 7.038284093e-05
104 0.016520 -0.004956 -0.016520 1.000000 -0.300000 -1.000000 -0.000000 -0.000000 0.000000 0.983480 1 3.391783684e-05
105 0.017264 -0.005179 -0.017264 1.000000 -0.300000 -1.000000 -0.000000 -0.000000 0.000000 0.982736 1 2.369284630e-05
106 0.012245 -0.003674 -0.012245 1.000000 -0.300000 -1.000000 -0.000000 -0.000000 0.000000 0.987755 1 3.544194624e-05
107 0.014049 -0.004215 -0.014049 1.000000 -0.300000 -1.000000 -0.000000 -0.000000 0.000000 0.985951 1 5.459506065e-05
108 0.010144 -0.003043 -0.010144 1.000000 -0.300000 -1.000000 -0.000000 -0.000000 0.000000 0.989856 1 3.438908607e-05
109 0.013042 -0.003913 -0.013042 1.000000 -0.300000 -1.000000 -0.000000 -0.000000 0.000000 0.986958 1 5.565490574e-05
110 0.009613 -0.002884 -0.009613 1.000000 -0.300000 -1.000000 -0.000000 -0.000000 0.000000 0.990387 1 5.432125181e-05
111 0.012455 -0.003736 -0.012455 1.000000 -0.300000 -1.000000 -0.000000 -0.000000 0.000000 0.987545 1 5.493918434e-05
112 0.009137 -0.002741 -0.009137 1.000000 -0.300000 -1.000000 -0.000000 -0.000000 0.000000 0.990863 1 5.714362487e-05
113 0.012087 -0.003626 -0.012087 1.000000 -0.300000 -1.000000 -0.000000 -0.000000 0.000000 0.987913 1 5.574990064e-05
114 0.008983 -0.002695 -0.008983 1.000000 -0.300000 -1.000000 -0.000000 -0.000000 0.000000 0.991017 1 4.368135706e-05
115 0.011886 -0.003566 -0.011886 1.000000 -0.300000 -1.000000 -0.000000 -0.000000 0.000000 0.988114 1 5.486700684e-05
116 0.008591 -0.002577 -0.008591 1.000000 -0.300000 -1.000000 -0.000000 -0.000000 0.000000 0.991409 1 3.427406773e-05
117 0.011603 -0.003481 -0.011603 1.000000 -0.300000 -1.000000 -0.000000 -0.000000 0.000000 0.988397 1 5.480693653e-05
118 0.008452 -0.002536 -0.008452 1.000000 -0.300000 -1.000000 -0.000000 -0.000000 0.000000 0.991548 1 3.872299567e-05
119 0.011813 -0.003544 -0.011813 1.000000 -0.300000 -1.000000 -0.000000 -0.000000 0.000000 0.988187 1 5.522510037e-05
120 0.008628 -0.002589 -0.008628 1.000000 -0.300000 -1.000000 -0.000000 -0.000000 0.000000 0.991372 1 3.516487777e-05
121 0.011733 -0.003520 -0.011733 1.000000 -0.300000 -1.000000 -0.000000 -0.000000 0.000000 0.988267 1 5.545001477e-05
122 0.008496 -0.002549 -0.008496 1.000000 -0.300000 -1.000000 -0.000000 -0.000000 0.000000 0.991504 1 3.746524453e-05
123 0.011648 -0.003494 0.011648 1.000000 -0.300000 1.000000 -0.000000 -0.000000 0.000000 0.988352 1 3.417674452e-05
124 0.010198 -0.003060 0.010198 1.000000 -0.300000 1.000000 -0.000000 -0.000000 0.000000 0.989802 1 3.372784704e-05
125 0.013922 -0.004177 0.013922 1.000000 -0.300000 1.000000 -0.000000 -0.000000 0.000000 0.986078 1 5.252100527e-05
126 0.013614 -0.004084 0.013614 1.000000 -0.300000 1.000000 -0.000000 -0.000000 0.000000 0.986386 1 2.396898344e-05
127 0.017313 -0.005194 0.017313 1.000000 -0.300000 1.000000 -0.000000 -0.000000 0.000000 0.982687 1 3.449013457e-05
128 0.017014 -0.005104 0.017014 1.000000 -0.300000 1.000000 -0.000000 -0.000000 0.000000 0.982986 1 3.400677815e-05
129 0.020386 -0.006116 0.020386 1.000000 -0.300000 1.000000 -0.000000 -0.000000 0.000000 0.979614 1 5.554407835e-05
130 0.019902 -0.005971 0.019902 1.000000 -0.300000 1.000000 -0.000000 -0.000000 0.000000 0.980098 1 5.670776591e-05
131 0.022475 -0.006743 0.022475 1.000000 -0.300000 1.000000 -0.000000 -0.000000 0.000000 0.977525 1 3.386475146e-05
132 0.021873 -0.006562 0.021873 1.000000 -0.300000 1.000000 -0.000000 -0.000000 0.000000 0.978127 1 3.260979429e-05
133 0.023998 -0.007199 0.023998 1.000000 -0.300000 1.000000 -0.000000 -0.000000 0.000000 0.976002 1 3.397278488e-05
134 0.023206 -0.006962 0.023206 1.000000 -0.300000 1.000000 -0.000000 -0.000000 0.000000 0.976794 1 3.433600068e-05
135 0.024784 -0.007435 0.024784 1.000000 -0.300000 1.000000 -0.000000 -0.000000 0.000000 0.975216 1 3.476208076e-05
136 0.023760 -0.007128 0.023760 1.000000 -0.300000 1.000000 -0.000000 -0.000000 0.000000 0.976240 1 5.394872278e-05
137 0.025020 -0.007506 0.025020 1.000000 -0.300000 1.000000 -0.000000 -0.000000 0.000000 0.974980 1 5.496386439e-05
138 0.024020 -0.007206 0.024020 1.000000 -0.300000 1.000000 -0.000000 -0.000000 0.000000 0.975980 1 3.461120650e-05
139 0.025226 -0.007568 0.025226 1.000000 -0.300000 1.000000 -0.000000 -0.000000 0.000000 0.974774 1 3.302609548e-05
140 0.024330 -0.007299 0.024330 1.000000 -0.300000 1.000000 -0.000000 -0.000000 0.000000 0.975670 1 6.631715223e-05
141 0.025254 -0.007576 0.025254 1.000000 -0.300000 1.000000 -0.000000 -0.000000 0.000000 0.974746 1 3.493530676e-05
142 0.024230 -0.007269 0.024230 1.000000 -0.300000 1.000000 -0.000000 -0.000000 0.000000 0.975770 1 3.403099254e-05
143 0.024971 -0.007491 0.024971 1.000000 -0.300000 1.000000 -0.000000 -0.000000 0.000000 0.975029 1 3.505079076e-05
144 0.024103 -0.007231 0.024103 1.000000 -0.300000 1.000000 -0.000000 -0.000000 0.000000 0.975897 1 5.433429033e-05
145 0.020894 -0.004926 0.020894 1.000000 -0.235748 1.000000 -0.000000 -0.000000 0.000000 0.979106 1 4.514213651e-05
146 0.016000 -0.001996 0.016000 1.000000 -0.124721 1.000000 -0.000000 -0.000000 0.000000 0.984000 1 1.098923385e-04
147 0.013762 -0.000010 0.013762 1.000000 -0.000709 1.000000 -0.000000 -0.000000 0.000000 0.986238 1 8.733198047e-05
148 0.011208 0.001289 0.011208 1.000000 0.114967 1.000000 -0.000000 -0.000000 0.000000 0.988792 1 5.207024515e-05
149 0.010298 0.002507 0.010298 1.000000 0.243469 1.000000 -0.000000 -0.000000 0.000000 0.989702 1 5.478598177e-05
150 0.009169 0.002751 0.009169 1.000000 0.300000 1.000000 -0.000000 -0.000000 0.000000 0.990831 1 4.594540223e-05
151 0.009755 0.002926 0.009755 1.000000 0.300000 1.000000 -0.000000 -0.000000 0.000000 0.990245 1 5.672406405e-05
152 0.009133 0.002740 0.009133 1.000000 0.300000 1.000000 -0.000000 -0.000000 0.000000 0.990867 1 3.484915942e-05
153 0.009743 0.002923 0.009743 1.000000 0.300000 1.000000 -0.000000 -0.000000 0.000000 0.990257 1 3.417441621e-05
154 0.009139 0.002742 0.009139 1.000000 0.300000 1.000000 -0.000000 -0.000000 0.000000 0.990861 1 3.343308344e-05
155 0.009693 0.002908 0.009693 1.000000 0.300000 1.000000 -0.000000 -0.000000 0.000000 0.990307 1 3.379117697e-05
156 0.009115 0.002734 0.009115 1.000000 0.300000 1.000000 -0.000000 -0.000000 0.000000 0.990885 1 3.470666707e-05
157 0.009746 0.002924 0.009746 1.000000 0.300000 1.000000 -0.000000 -0.000000 0.000000 0.990254 1 5.549238995e-05
158 0.009145 0.002744 0.009145 1.000000 0.300000 1.000000 -0.000000 -0.000000 0.000000 0.990855 1 3.309873864e-05
159 0.009749 0.002925 0.009749 1.000000 0.300000 1.000000 -0.000000 -0.000000 0.000000 0.990251 1 5.524791777e-05
160 0.009175 0.002753 0.009175 1.000000 0.300000 1.000000 -0.000000 -0.000000 0.000000 0.990825 1 3.379583359e-05
161 0.009743 0.002923 0.009743 1.000000 0.300000 1.000000 -0.000000 -0.000000 0.000000 0.990257 1 3.393180668e-05
162 0.009154 0.002746 0.009154 1.000000 0.300000 1.000000 -0.000000 -0.000000 0.000000 0.990846 1 3.369804472e-05
163 0.009780 0.002934 0.009780 1.000000 0.300000 1.000000 -0.000000 -0.000000 0.000000 0.990220 1 5.512498319e-05
164 0.009246 0.002774 0.009246 1.000000 0.300000 1.000000 -0.000000 -0.000000 0.000000 0.990754 1 3.371387720e-05
165 0.009819 0.002946 0.009819 1.000000 0.300000 1.000000 -0.000000 -0.000000 0.000000 0.990181 1 3.352481872e-05
166 0.009238 0.002771 0.009238 1.000000 0.300000 1.000000 -0.000000 -0.000000 0.000000 0.990762 1 5.462206900e-05
167 0.009833 0.002950 0.009833 1.000000 0.300000 1.000000 -0.000000 -0.000000 0.000000 0.990167 1 3.392994404e-05
168 0.009257 0.002777 0.009257 1.000000 0.300000 1.000000 -0.000000 -0.000000 0.000000 0.990743 1 3.493996337e-05
169 0.009838 0.002952 0.009838 1.000000 0.300000 1.000000 -0.000000 -0.000000 0.000000 0.990162 1 4.174513742e-05
170 0.009296 0.002789 0.009296 1.000000 0.300000 1.000000 -0.000000 -0.000000 0.000000 0.990704 1 3.439793363e-05
171 0.009846 0.002954 0.009846 1.000000 0.300000 1.000000 -0.000000 -0.000000 0.000000 0.990154 1 5.618296564e-05
172 0.009291 0.002787 0.009291 1.000000 0.300000 1.000000 -0.000000 -0.000000 0.000000 0.990709 1 5.504488945e-05
173 0.009900 0.002970 0.009900 1.000000 0.300000 1.000000 -0.000000 -0.000000 0.000000 0.990100 1 3.365194425e-05
174 0.009396 0.002819 0.009396 1.000000 0.300000 1.000000 -0.000000 -0.000000 0.000000 0.990604 1 6.129266694e-05
175 0.009951 0.002985 0.009951 1.000000 0.300000 1.000000 -0.000000 -0.000000 0.000000 0.990049 1 3.392295912e-05
176 0.009398 0.002819 0.009398 1.000000 0.300000 1.000000 -0.000000 -0.000000 0.000000 0.990602 1 5.814712495e-05
177 0.009971 0.002991 0.009971 1.000000 0.300000 1.000000 -0.000000 -0.000000 0.000000 0.990029 1 3.585591912e-05
178 0.009433 0.002830 0.009433 1.000000 0.300000 1.000000 -0.000000 -0.000000 0.000000 0.990567 1 5.469517782e-05
179 0.009944 0.002983 0.009944 1.000000 0.300000 1.000000 -0.000000 -0.000000 0.000000 0.990056 1 3.285612911e-05
180 0.009426 0.002828 0.009426 1.000000 0.300000 1.000000 -0.000000 -0.000000 0.000000 0.990574 1 5.442975089e-05
181 0.010009 0.003003 0.010009 1.000000 0.300000 1.000000 -0.000000 -0.000000 0.000000 0.989991 1 3.464007750e-05
182 0.009476 0.002843 0.009476 1.000000 0.300000 1.000000 -0.000000 -0.000000 0.000000 0.990524 1 3.380188718e-05
183 0.010031 0.003009 0.010031 1.000000 0.300000 1.000000 -0.000000 -0.000000 0.000000 0.989969 1 3.439327702e-05
184 0.009521 0.002856 0.009521 1.000000 0.300000 1.000000 -0.000000 -0.000000 0.000000 0.990479 1 3.732508048e-05
185 0.010038 0.003011 0.010038 1.000000 0.300000 1.000000 -0.000000 -0.000000 0.000000 0.989962 1 3.406731412e-05
186 0.009517 0.002855 0.009517 1.000000 0.300000 1.000000 -0.000000 -0.000000 0.000000 0.990483 1 3.551365808e-05
187 0.010076 0.003023 0.010076 1.000000 0.300000 1.000000 -0.000000 -0.000000 0.000000 0.989924 1 3.529991955e-05
188 0.009575 0.002873 0.009575 1.000000 0.300000 1.000000 -0.000000 -0.000000 0.000000 0.990425 1 3.314018250e-05
189 0.010071 0.003021 0.010071 1.000000 0.300000 1.000000 -0.000000 -0.000000 0.000000 0.989929 1 4.258938134e-05
190 0.009579 0.002874 0.009579 1.000000 0.300000 1.000000 -0.000000 -0.000000 0.000000 0.990421 1 8.551403880e-05
191 0.010140 0.003042 0.010140 1.000000 0.300000 1.000000 -0.000000 -0.000000 0.000000 0.989860 1 8.912803605e-05
192 0.009631 0.002889 0.009631 1.000000 0.300000 1.000000 -0.000000 -0.000000 0.000000 0.990369 1 5.469378084e-05
193 0.010164 0.003049 0.010164 1.000000 0.300000 1.000000 -0.000000 -0.000000 0.000000 0.989836 1 6.656488404e-05
194 0.009676 0.002903 0.009676 1.000000 0.300000 1.000000 -0.000000 -0.000000 0.000000 0.990324 1 5.598785356e-05
195 0.010171 0.003051 0.010171 1.000000 0.300000 1.000000 -0.000000 -0.000000 0.000000 0.989829 1 1.383698545e-04
196 0.009425 0.003113 0.010376 0.908276 0.300000 1.000000 -0.000000 -0.000000 0.000000 0.989624 1 2.158661373e-04
197 0.009325 0.003816 0.012720 0.733091 0.300000 1.000000 -0.000000 -0.000000 0.000000 0.987280 1 9.950296953e-05
198 0.008198 0.004292 0.014306 0.573095 0.300000 1.000000 -0.000000 -0.000000 0.000000 0.985694 1 9.124074131e-05
199 0.007404 0.005598 0.018661 0.396746 0.300000 1.000000 -0.000000 -0.000000 0.000000 0.981339 1 1.689018682e-04
200 0.005524 0.006949 -0.023162 0.238479 0.300000 -1.000000 -0.000000 -0.000000 0.000000 0.976838 1 2.589826472e-04
201 0.001594 0.010968 -0.036560 0.043593 0.300000 -1.000000 -0.000000 -0.000000 0.000000 0.963440 1 9.084120393e-05
202 -0.009651 0.018980 -0.063265 -0.152552 0.300000 -1.000000 -0.000000 -0.000000 0.000000 0.936735 1 3.005536273e-04
203 -0.391744 0.300000 -0.999999 -0.391745 0.300000 -1.000000 -0.000000 -0.000000 0.000000 0.000001 1 7.856590673e-05
204 -1.000000 0.300000 -1.000000 -1.000000 0.300000 -1.000000 -0.000000 -0.000000 0.000000 0.000000 1 5.344906822e-05
205 -1.000000 0.300000 -1.000000 -1.000000 0.300000 -1.000000 -0.002910 -0.005769 0.000000 0.000000 1 5.180388689e-05
206 -1.000000 0.300000 -1.000000 -1.000000 0.300000 -1.000000 -0.000000 -0.000000 0.000000 0.000000 1 5.571497604e-05
207 -1.000000 0.300000 -1.000000 -1.000000 0.300000 -1.000000 -0.000000 -0.000000 0.000000 0.000000 1 5.345419049e-05
208 -0.057681 0.017304 -0.057681 -1.000000 0.300000 -1.000000 -0.000000 -0.000000 0.000000 0.942319 1 2.208775841e-04
209 0.006068 -0.049876 -0.000005 -1.000000 0.300000 -1.000000 0.006073 -0.049877 0.000000 0.999995 1 2.650981769e-04
