9 0.534920 0.006398 -0.051933 0.429222 0.009143 -0.051933 0.549815 -0.014280 0.000000 -1.000000 1 6.411178038e-05
10 0.534955 0.006931 0.150927 0.431872 0.009605 0.150927 0.549815 -0.014263 0.000000 -1.000000 1 1.771701500e-05
11 0.563113 0.089128 0.699770 0.563111 0.089128 0.699770 0.549981 -0.004558 0.000000 -1.000000 1 7.605645806e-06
12 0.625229 0.125625 0.764312 0.625229 0.125625 0.764312 0.548702 -0.037769 0.000000 -1.000000 1 1.694308594e-05
13 0.617961 0.142286 0.656851 0.617961 0.142286 0.656851 0.537487 -0.116653 0.000000 -1.000000 1 1.687090844e-05
14 0.589367 0.200095 0.629472 0.589367 0.200095 0.629472 0.522585 -0.171480 0.000000 -1.000000 1 1.725181937e-05
15 0.640053 0.223704 0.585880 0.626948 0.229661 0.585880 0.500684 -0.227629 0.000000 -1.000000 1 2.135988325e-05
16 0.696557 0.240478 0.656380 0.627259 0.276314 0.656380 0.488542 -0.252640 0.000000 -1.000000 1 1.808116212e-05
17 0.831459 0.166451 0.563470 0.655328 0.285815 0.586987 0.455296 -0.300000 0.000000 -1.000000 1 1.690583304e-05
18 0.810172 0.193981 0.647608 0.624535 0.330164 0.675016 0.443466 -0.300000 0.000000 -1.000000 1 1.690723002e-05
19 0.849128 0.113258 0.535909 0.580542 0.366483 0.586665 0.397527 -0.300000 0.000000 -1.000000 1 1.727277413e-05
20 0.784630 0.133133 0.602157 0.490840 0.443452 0.625845 0.308876 -0.300000 0.000000 -1.000000 1 1.718429849e-05
21 0.762087 0.116767 0.550333 0.470192 0.503538 0.550333 0.220520 -0.292196 0.000000 -1.000000 1 2.139899880e-05
22 0.698549 0.138923 0.616867 0.387355 0.585486 0.616867 0.163292 -0.234324 0.000000 -1.000000 1 1.759687439e-05
23 0.661968 0.107379 0.510891 0.380238 0.639162 0.510891 0.100658 -0.189999 0.000000 -1.000000 1 2.969102934e-05
24 0.610149 0.101262 0.502270 0.344323 0.701206 0.502270 0.062627 -0.141342 0.000000 -1.000000 1 1.660780981e-05
25 0.590410 0.070578 0.388303 0.383979 0.745108 0.388303 0.030816 -0.100693 0.000000 -1.000000 1 2.872385085e-05
26 0.550341 0.066275 0.398739 0.371170 0.792933 0.398739 0.016139 -0.065455 0.000000 -1.000000 1 2.465397120e-05
27 0.526846 0.040259 0.317570 0.413596 0.824933 0.317570 0.005061 -0.035067 0.000000 -1.000000 1 2.387678251e-05
28 0.488020 0.032304 0.321960 0.412796 0.863054 0.321960 0.001069 -0.011806 0.000000 -1.000000 1 2.359785140e-05
29 0.469912 0.011636 0.269340 0.459993 0.887825 0.269340 0.000000 -0.000000 0.000000 -1.000000 1 2.444395795e-05
30 0.438358 0.001903 0.281311 0.468396 0.915724 0.281311 -0.000000 -0.000000 0.000000 -1.000000 1 2.296175808e-05
31 0.411899 -0.013271 0.247629 0.505344 0.942962 0.247629 -0.000000 -0.000000 0.000000 -1.000000 1 6.544403732e-06
32 0.385635 -0.022581 0.260873 0.521731 0.971177 0.260873 -0.000000 -0.000000 0.000000 -1.000000 1 2.440903336e-05
33 0.364045 -0.035306 0.233498 0.566093 0.999831 0.233498 -0.000000 -0.000000 0.000000 -1.000000 1 2.430099994e-05
34 0.351404 -0.046986 0.243516 0.601109 1.026876 0.243516 -0.000000 -0.000000 0.000000 -1.000000 1 2.474477515e-05
35 0.330929 -0.058703 0.212031 0.655404 1.056155 0.212031 -0.000000 -0.000000 0.000000 -1.000000 1 2.411566675e-05
36 0.318355 -0.070505 0.222099 0.701271 1.085978 0.222099 -0.000000 -0.000000 0.000000 -1.000000 1 2.036709338e-05
37 0.258541 -0.076582 0.179563 0.767723 1.110455 0.179563 -0.000000 -0.000000 0.000000 -1.000000 1 2.441415563e-05
38 0.193347 -0.069730 0.209326 0.816585 1.151832 0.209326 -0.000000 -0.000000 0.000000 -1.000000 1 1.682108268e-05
39 0.156877 -0.072245 0.163143 0.911356 1.167365 0.163143 -0.000000 -0.000000 0.000000 -1.000000 1 1.135189086e-05
40 0.207958 -0.104936 0.188681 0.999600 1.205220 0.188681 -0.000000 -0.000000 0.000000 -1.000000 1 1.816730946e-05
41 0.286099 -0.154008 0.156018 1.115432 1.217094 0.156018 -0.000000 -0.000000 0.000000 -1.000000 1 2.415524796e-05
42 0.386649 -0.204702 0.164748 1.219308 1.240892 0.164748 -0.000000 -0.000000 0.000000 -1.000000 1 2.498319373e-05
43 0.482531 -0.262684 0.056068 1.335893 1.214566 0.056068 -0.000000 -0.000000 0.000000 -1.000000 1 2.441322431e-05
44 0.549380 -0.247304 0.165634 1.322645 1.338769 0.165634 -0.000000 -0.000000 0.000000 -1.000000 1 2.410309389e-05
45 0.371402 -0.204404 0.144317 1.320449 1.393304 0.144317 -0.000000 -0.000000 0.000000 -1.000000 1 1.669302583e-05
46 0.240904 -0.117815 0.326070 1.197328 1.593131 0.326070 -0.000000 -0.000000 0.000000 -1.000000 1 2.153683454e-05
47 0.150577 -0.089063 0.218034 1.282171 1.610674 0.218034 -0.000000 -0.000000 0.000000 -1.000000 1 1.853471622e-05
48 0.141561 -0.068069 0.257010 1.323944 1.726728 0.257010 -0.000000 -0.000000 0.000000 -1.000000 1 1.693284139e-05
49 0.149615 -0.074317 0.188841 1.474193 1.744929 0.188841 -0.000000 -0.000000 0.000000 -1.000000 1 1.748837531e-05
50 0.178616 -0.099585 0.153390 1.613432 1.756068 0.153390 -0.000000 -0.000000 0.000000 -1.000000 1 9.148847312e-06
51 0.186224 -0.121851 0.077363 1.765245 1.730905 0.077363 -0.000000 -0.000000 0.000000 -1.000000 1 1.770863310e-05
52 0.209722 -0.150507 0.068806 1.869310 1.748753 0.068806 -0.000000 -0.000000 0.000000 -1.000000 1 1.683505252e-05
53 0.198850 -0.167794 -0.014908 2.005365 1.708017 -0.014908 -0.000000 -0.000000 0.000000 -1.000000 1 1.648487523e-05
54 0.216183 -0.182173 0.025260 2.055802 1.786287 0.025260 -0.000000 -0.000000 0.000000 -1.000000 1 1.747393981e-05
55 0.197921 -0.190892 -0.050370 2.176589 1.757949 -0.050370 -0.000000 -0.000000 0.000000 -1.000000 1 1.658359542e-05
56 0.215292 -0.197763 0.010334 2.202799 1.873497 0.010334 -0.000000 -0.000000 0.000000 -1.000000 1 1.730583608e-05
57 0.195116 -0.203003 -0.071055 2.328133 1.843405 -0.071055 -0.000000 -0.000000 0.000000 -1.000000 1 1.696869731e-05
58 0.214079 -0.208045 -0.006208 2.344215 1.976086 -0.006208 -0.000000 -0.000000 0.000000 -1.000000 1 1.716706902e-05
59 0.193659 -0.212617 -0.095646 2.477496 1.938471 -0.095646 -0.003497 -0.003294 0.000000 -1.000000 1 1.673400402e-05
60 0.214576 -0.217305 -0.028994 2.484056 2.084890 -0.028994 -0.002889 -0.002931 0.000000 -1.000000 1 1.705437899e-05
61 0.194883 -0.221932 -0.122972 2.622018 2.042809 -0.122972 -0.006522 -0.006085 0.000000 -1.000000 1 1.659197733e-05
62 0.217591 -0.227189 -0.056458 2.618671 2.199896 -0.056458 -0.005964 -0.006029 0.000000 -1.000000 1 1.671537757e-05
63 0.198624 -0.232315 -0.153696 2.758899 2.154727 -0.153696 -0.009615 -0.008964 0.000000 -1.000000 1 1.673121005e-05
64 0.223561 -0.238398 -0.086275 2.742656 2.323691 -0.086275 -0.009293 -0.009452 0.000000 -1.000000 1 1.713912934e-05
65 0.205359 -0.244453 -0.186171 2.883475 2.276630 -0.186171 -0.013127 -0.012358 0.000000 -1.000000 1 1.707579941e-05
66 0.232460 -0.250027 -0.115617 2.849097 2.462208 -0.115617 -0.012872 -0.013342 0.000000 -1.000000 1 2.537202090e-05
67 0.214881 -0.256278 -0.217928 2.989648 2.416203 -0.217928 -0.016574 -0.015963 0.000000 -1.000000 1 1.781387255e-05
68 0.244574 -0.261740 -0.145227 2.935432 2.616488 -0.145227 -0.016506 -0.017656 0.000000 -1.000000 1 1.814682037e-05
69 0.227812 -0.268259 -0.249173 3.073679 2.573976 -0.249173 -0.020077 -0.020052 0.000000 -1.000000 1 1.669768244e-05
70 0.262381 -0.271893 -0.166135 2.986542 2.802046 -0.166135 -0.019541 -0.022051 0.000000 -1.000000 1 2.035032958e-05
71 0.245156 -0.277849 -0.276135 3.128048 2.759646 -0.276135 -0.022548 -0.023769 0.000000 -1.000000 1 1.789117232e-05
72 0.273617 -0.275154 -0.196320 3.018376 2.994431 -0.196320 -0.022328 -0.026711 0.000000 -1.000000 1 3.081280738e-05
73 0.173097 -0.214398 -0.302793 3.147251 2.964549 -0.302793 -0.025439 -0.028722 0.000000 -1.000000 1 1.710373908e-05
74 -0.123855 0.064861 -0.192301 2.964429 3.252025 -0.192301 -0.024239 -0.032345 0.000000 -1.000000 1 2.078386024e-05
75 -0.297954 0.300001 -0.212294 3.005695 3.331051 -0.212294 -0.022944 -0.031820 0.000000 -1.000000 1 3.808503971e-05
76 -0.390420 0.283643 0.040240 2.597558 3.759287 0.040240 -0.018943 -0.037465 0.000000 -1.000000 1 1.767603680e-05
77 0.445068 -0.300006 -0.020889 2.860082 3.675518 -0.020889 -0.024032 -0.047739 0.000000 -1.000000 1 4.176981747e-05
78 0.385186 -0.300001 -0.158641 3.242399 3.442638 -0.158641 -0.037105 -0.067778 0.000000 -1.000000 1 2.394709736e-05
79 0.325039 -0.300000 -0.159118 3.291997 3.414927 -0.159118 -0.054712 -0.109149 0.000000 -1.000000 1 2.518575639e-05
80 0.279628 -0.299999 0.036757 3.011578 3.631118 0.036757 -0.062445 -0.183449 0.000000 -1.000000 1 2.495292574e-05
81 1.000000 -0.236358 0.728118 1.787788 4.322504 0.728118 0.017188 -0.293849 0.000000 -1.000000 1 2.487003803e-05
82 1.000000 -0.070328 0.953773 1.102768 4.548292 1.060392 0.095318 -0.300000 0.000000 -1.000000 1 2.373196185e-05
83 1.000000 0.008425 0.881873 0.686018 4.638999 1.250715 0.167307 -0.300000 0.000000 -1.000000 1 2.992385998e-05
84 1.000005 -0.012309 0.738670 0.941783 4.698101 1.109610 0.161957 -0.300000 0.000000 -1.000000 1 1.752609387e-05
85 0.999996 0.007246 0.646441 1.051817 4.802243 1.011490 0.159143 -0.300000 0.000000 -1.000000 1 1.733377576e-05
86 0.999998 0.013974 0.533166 1.194618 4.879771 0.904847 0.159338 -0.300000 0.000000 -1.000000 1 1.692399383e-05
87 0.999998 0.022939 0.417825 1.337537 4.953823 0.794663 0.159422 -0.300000 0.000000 -1.000000 1 1.731328666e-05
88 0.999998 0.031941 0.297506 1.487939 5.020133 0.678576 0.159357 -0.300000 0.000000 -1.000000 1 1.665065065e-05
89 0.999998 0.041626 0.173035 1.641937 5.078994 0.557986 0.159422 -0.300000 0.000000 -1.000000 1 1.627393067e-05
90 0.999998 0.051339 0.043608 1.802844 5.128419 0.431458 0.159364 -0.300000 0.000000 -1.000000 1 1.728115603e-05
91 0.999998 0.061712 -0.089975 1.966826 5.168789 0.300286 0.159425 -0.300000 0.000000 -1.000000 1 1.704227179e-05
92 0.999998 0.072066 -0.228434 2.136981 5.197869 0.163098 0.159353 -0.300000 0.000000 -1.000000 1 1.661293209e-05
93 0.999997 0.083096 -0.370895 2.308997 5.216333 0.021311 0.159406 -0.300000 0.000000 -1.000000 1 1.699803397e-05
94 0.999997 0.094047 -0.518045 2.485931 5.221634 -0.126462 0.159317 -0.300000 0.000000 -1.000000 1 2.159690484e-05
95 0.999997 0.105710 -0.668894 2.662827 5.214934 -0.278604 0.159366 -0.300000 0.000000 -1.000000 1 1.752516255e-05
96 0.999996 0.119758 -0.821802 2.830267 5.200064 -0.431777 0.160209 -0.300000 0.000000 -1.000000 1 1.773005351e-05
97 0.999997 0.132812 -0.979425 3.004231 5.167745 -0.592623 0.160397 -0.300000 0.000000 -1.000000 1 1.802109182e-05
98 0.999989 0.159724 -0.999998 3.072379 5.186156 -0.718046 0.167905 -0.300000 0.000000 -1.000000 1 1.732492819e-05
99 0.999992 0.172480 -0.999999 3.191760 5.159412 -0.869113 0.171266 -0.300000 0.000000 -1.000000 1 1.793401316e-05
100 0.999992 0.204562 -0.999999 3.226652 5.174409 -0.992158 0.180453 -0.300000 0.000000 -1.000000 1 1.770490780e-05
101 0.999993 0.218991 -0.999999 3.332074 5.128577 -1.148394 0.184081 -0.300000 0.000000 -1.000000 1 1.802993938e-05
102 1.000000 0.256082 -1.000000 3.337934 5.135382 -1.270381 0.194434 -0.300000 0.000000 -1.000000 1 1.766905189e-05
103 0.999998 0.271374 -1.000000 3.428469 5.068394 -1.431067 0.198321 -0.300000 0.000000 -1.000000 1 1.739989966e-05
104 1.000000 0.300000 -1.000000 3.416876 5.058162 -1.555607 0.208878 -0.300000 0.000000 -1.000000 1 6.911205128e-05
105 1.000000 0.229408 -1.000000 3.488385 4.970595 -1.719143 0.212802 -0.300000 0.000000 -1.000000 1 4.039518535e-05
106 1.000001 0.265304 -1.000000 3.471555 4.934478 -1.850548 0.222103 -0.300000 0.000000 -1.000000 1 1.082895324e-05
107 1.000001 0.282595 -1.000001 3.520999 4.831463 -2.013879 0.226175 -0.300000 0.000000 -1.000000 1 1.539522782e-05
108 1.000001 0.299999 -1.000000 3.488906 4.775838 -2.146363 0.235324 -0.300000 0.000000 -1.000000 1 7.471721619e-05
109 0.999996 0.300005 -1.000000 3.524044 4.649151 -2.312455 0.238596 -0.300000 0.000000 -1.000000 1 2.869963646e-05
110 1.000000 0.300000 -1.000000 3.478828 4.573836 -2.253082 0.247126 -0.300000 0.000000 -1.000000 1 3.294181079e-05
111 0.999997 0.300003 -1.000000 3.489692 4.434662 -2.554190 0.250209 -0.300000 0.000000 -1.000000 1 2.513406798e-05
112 1.000000 0.300001 -1.000000 3.421367 4.349631 -2.682897 0.258655 -0.300000 0.000000 -1.000000 1 8.301343769e-06
113 1.000008 0.299990 -1.000001 3.402476 4.206490 -2.838802 0.262076 -0.300000 0.000000 -1.000000 1 2.419203520e-05
114 0.999995 0.300006 -1.000000 3.316723 4.111609 -2.962734 0.270104 -0.298023 0.000000 -1.000000 1 2.381298691e-05
115 1.000001 0.299999 -1.000000 3.272756 3.965958 -3.110821 0.273568 -0.293619 0.000000 -1.000000 1 3.194902092e-05
116 1.000000 0.300000 -1.000000 3.172696 3.863077 -3.229547 0.281020 -0.286067 0.000000 -1.000000 1 3.087008372e-05
117 1.000000 0.300000 -1.000000 3.107038 3.717878 -3.368943 0.284465 -0.281618 0.000000 -1.000000 1 3.188289702e-05
118 1.000002 0.299998 -1.000000 2.998124 3.607502 -3.483124 0.291184 -0.274630 0.000000 -1.000000 1 2.457341179e-05
119 1.000004 0.299997 -1.000000 2.912509 3.466218 -3.612504 0.294598 -0.270053 0.000000 -1.000000 1 2.423534170e-05
120 1.000006 0.299995 -1.000000 2.790635 3.355893 -3.718194 0.300937 -0.263113 0.000000 -1.000000 1 1.425296068e-05
121 1.000003 0.299998 -1.000000 2.685655 3.222750 -3.835186 0.304570 -0.258187 0.000000 -1.000000 1 2.437317744e-05
122 1.000000 0.300000 -1.000000 2.555045 3.112935 -3.932652 0.310501 -0.251481 0.000000 -1.000000 1 3.881519660e-05
123 0.999999 0.300001 -1.000000 2.435819 2.987601 -4.037791 0.314213 -0.246318 0.000000 -1.000000 1 2.423068509e-05
124 0.999997 0.300002 -1.000000 2.296697 2.881334 -4.125214 0.319954 -0.239605 0.000000 -1.000000 1 2.471264452e-05
125 1.000104 0.299924 -1.000000 2.166101 2.764055 -4.218069 0.323789 -0.234145 0.000000 -1.000000 1 1.775706187e-05
126 0.999998 0.300001 -1.000000 2.024884 2.658963 -4.298203 0.328967 -0.227821 0.000000 -1.000000 1 2.451287583e-05
127 0.999999 0.300000 -1.000000 1.888646 2.547448 -4.381012 0.332641 -0.222373 0.000000 -1.000000 1 2.513127401e-05
128 1.000000 0.300000 -1.000000 1.742054 2.447465 -4.450292 0.337645 -0.215796 0.000000 -1.000000 1 2.585817128e-05
129 1.000001 0.300000 -1.000000 1.601353 2.342109 -4.521935 0.341512 -0.210247 0.000000 -1.000000 1 2.446072176e-05
130 1.000001 0.299999 -1.000000 1.453190 2.245754 -4.581684 0.346286 -0.203615 0.000000 -1.000000 1 2.487003803e-05
131 1.000001 0.299999 -1.000000 1.310389 2.144792 -4.643485 0.349997 -0.197955 0.000000 -1.000000 1 3.078812733e-05
132 1.000001 0.300000 -1.000000 1.158447 2.053077 -4.690738 0.354774 -0.190623 0.000000 -1.000000 1 2.582604066e-05
133 0.999958 0.300035 -1.000000 1.014463 1.956504 -4.741041 0.358856 -0.184652 0.000000 -1.000000 1 1.713726670e-05
134 0.862358 0.300000 -1.000000 0.862358 1.866857 -4.777325 0.363584 -0.176832 0.000000 -1.000000 1 9.238254279e-06
135 0.720430 0.300000 -1.000000 0.720430 1.771940 -4.818943 0.367578 -0.170815 0.000000 -1.000000 1 1.728488132e-05
136 0.574134 0.300000 -1.000000 0.570001 1.682269 -4.846264 0.371757 -0.162625 0.000000 -1.000000 1 5.211215466e-06
137 0.566862 0.300000 -1.000000 0.434094 1.586778 -4.885356 0.374701 -0.157412 0.000000 -1.000000 1 7.869210094e-06
138 0.554410 0.300000 -1.000000 0.283977 1.496386 -4.900380 0.378935 -0.148316 0.000000 -1.000000 1 1.664226875e-05
139 0.547275 0.300000 -1.000000 0.149530 1.401632 -4.929284 0.381991 -0.142635 0.000000 -1.000000 1 2.315687016e-05
140 0.535447 0.300000 -1.000000 0.003721 1.308484 -4.935443 0.385990 -0.133174 0.000000 -1.000000 1 1.703808084e-05
141 0.528865 0.300000 -1.000000 -0.127051 1.212797 -4.956260 0.388999 -0.127320 0.000000 -1.000000 1 1.706089824e-05
142 0.517518 0.300000 -1.000000 -0.267954 1.115469 -4.953760 0.392684 -0.117429 0.000000 -1.000000 1 1.746183261e-05
143 0.511775 0.300000 -1.000000 -0.393583 1.018171 -4.968664 0.395449 -0.111723 0.000000 -1.000000 1 2.368120477e-05
144 0.500854 0.300000 -1.000000 -0.528727 0.915604 -4.957519 0.398861 -0.101354 0.000000 -1.000000 1 2.192705870e-05
145 0.495580 0.300000 -1.000000 -0.650069 0.815293 -4.965297 0.401487 -0.095509 0.000000 -1.000000 1 1.727510244e-05
146 0.485054 0.300000 -1.000000 -0.779080 0.705823 -4.945742 0.404559 -0.084653 0.000000 -1.000000 1 1.699384302e-05
147 0.480813 0.300000 -1.000000 -0.894313 0.603715 -4.950767 0.406672 -0.079450 0.000000 -1.000000 1 1.716567203e-05
148 0.460762 0.241313 -1.000000 -1.016031 0.486593 -4.922470 0.409391 -0.067985 0.000000 -1.000000 1 5.209352821e-06
149 0.442597 0.141624 -1.000000 -1.125703 0.381648 -4.922290 0.411290 -0.062934 0.000000 -1.000000 1 1.772539690e-05
150 0.426239 0.046918 -1.000000 -1.236585 0.274972 -4.913330 0.412056 -0.056499 0.000000 -1.000000 1 1.717638224e-05
151 0.412990 -0.050691 -1.000000 -1.343230 0.173326 -4.913578 0.412743 -0.052632 0.000000 -1.000000 1 1.705903560e-05
152 0.400555 -0.147349 -1.000000 -1.448406 0.088866 -4.929988 0.412647 -0.052702 0.000000 -1.000000 1 1.678615808e-05
153 0.388191 -0.243269 -1.000000 -1.553815 0.005879 -4.944044 0.412612 -0.052920 0.000000 -1.000000 1 1.708604395e-05
154 0.380911 -0.300000 -1.000000 -1.659019 -0.076512 -4.954125 0.412613 -0.052925 0.000000 -1.000000 1 1.604715362e-05
155 0.380922 -0.300000 -1.000000 -1.764432 -0.158266 -4.961164 0.412618 -0.052914 0.000000 -1.000000 1 1.743901521e-05
156 0.380912 -0.300000 -1.000000 -1.870548 -0.239844 -4.965368 0.412618 -0.052936 0.000000 -1.000000 1 8.028000593e-06
157 0.380926 -0.300000 -1.000000 -1.976724 -0.321277 -4.966426 0.412623 -0.052919 0.000000 -1.000000 1 1.722713932e-05
158 0.380909 -0.300000 -1.000000 -2.082966 -0.402424 -4.964791 0.412624 -0.052955 0.000000 -1.000000 1 2.240296453e-05
159 0.380923 -0.300000 -1.000000 -2.188586 -0.483491 -4.959998 0.412629 -0.052937 0.000000 -1.000000 1 1.667998731e-05
160 0.380910 -0.300000 -1.000000 -2.294155 -0.564678 -4.952473 0.412629 -0.052965 0.000000 -1.000000 1 1.828884706e-05
161 0.380924 -0.300000 -1.000000 -2.400007 -0.646982 -4.941717 0.412635 -0.052948 0.000000 -1.000000 1 2.258317545e-05
162 0.380907 -0.300000 -1.000000 -2.505701 -0.729728 -4.928227 0.412635 -0.052986 0.000000 -1.000000 1 1.727510244e-05
163 0.380921 -0.300000 -1.000000 -2.610971 -0.813663 -4.911444 0.412640 -0.052968 0.000000 -1.000000 1 1.800712198e-05
164 0.380903 -0.300000 -1.000000 -2.715426 -0.897986 -4.891921 0.412641 -0.053006 0.000000 -1.000000 1 1.764297485e-05
165 0.380917 -0.300000 -1.000000 -2.819267 -0.983919 -4.869048 0.412646 -0.052989 0.000000 -1.000000 1 1.748371869e-05
166 0.380905 -0.300000 -1.000000 -2.923144 -1.071537 -4.843210 0.412647 -0.053016 0.000000 -1.000000 1 1.701479778e-05
167 0.380919 -0.300000 -1.000000 -3.026196 -1.161148 -4.813961 0.412652 -0.052999 0.000000 -1.000000 1 1.758290455e-05
168 0.380901 -0.300000 -1.000000 -3.128580 -1.252336 -4.781727 0.412652 -0.053037 0.000000 -1.000000 1 8.457805961e-06
169 0.380915 -0.300000 -1.000000 -3.229336 -1.345551 -4.745969 0.412658 -0.053019 0.000000 -1.000000 1 2.269726247e-05
170 0.380902 -0.300000 -1.000000 -3.329143 -1.440785 -4.707062 0.412658 -0.053047 0.000000 -1.000000 1 1.702178270e-05
171 0.380917 -0.300000 -1.000000 -3.428012 -1.539353 -4.664441 0.412663 -0.053030 0.000000 -1.000000 1 1.830980182e-05
172 0.380899 -0.300000 -1.000000 -3.525626 -1.640274 -4.618549 0.412664 -0.053068 0.000000 -1.000000 1 1.765601337e-05
173 0.380913 -0.300000 -1.000000 -3.621348 -1.744572 -4.568767 0.412669 -0.053050 0.000000 -1.000000 1 1.088902354e-05
174 0.380895 -0.300000 -1.000000 -3.714940 -1.851055 -4.515600 0.412669 -0.053088 0.000000 -1.000000 1 2.128910273e-05
175 0.380909 -0.300000 -1.000000 -3.806144 -1.961303 -4.458375 0.412675 -0.053071 0.000000 -1.000000 1 1.794332638e-05
176 0.380897 -0.300000 -1.000000 -3.895580 -2.075268 -4.397412 0.412675 -0.053098 0.000000 -1.000000 1 2.164673060e-05
177 0.380911 -0.300000 -1.000000 -3.982022 -2.193326 -4.332215 0.412681 -0.053081 0.000000 -1.000000 1 1.740409061e-05
178 0.380893 -0.300000 -1.000000 -4.065244 -2.314166 -4.263231 0.412681 -0.053119 0.000000 -1.000000 1 1.652399078e-05
179 0.380907 -0.300000 -1.000000 -4.144697 -2.439481 -4.189764 0.412686 -0.053101 0.000000 -1.000000 1 2.071727067e-05
180 0.380895 -0.300000 -1.000000 -4.220914 -2.569157 -4.112115 0.412687 -0.053129 0.000000 -1.000000 1 1.686299220e-05
181 0.380909 -0.300000 -1.000000 -4.292478 -2.703487 -4.029782 0.412692 -0.053111 0.000000 -1.000000 1 1.735799015e-05
182 0.380892 -0.300000 -1.000000 -4.359542 -2.841601 -3.943135 0.412692 -0.053149 0.000000 -1.000000 1 1.623434946e-05
183 0.380905 -0.300000 -1.000000 -4.420537 -2.983849 -3.851603 0.412698 -0.053132 0.000000 -1.000000 1 1.573609188e-05
184 0.380893 -0.300000 -1.000000 -4.475945 -3.129930 -3.755505 0.412698 -0.053160 0.000000 -1.000000 1 1.648208126e-05
185 0.380907 -0.300000 -1.000000 -4.524717 -3.281396 -3.654221 0.412704 -0.053142 0.000000 -1.000000 1 1.656077802e-05
186 0.380889 -0.300000 -1.000000 -4.566700 -3.436398 -3.548187 0.412704 -0.053180 0.000000 -1.000000 1 1.701293513e-05
187 0.380903 -0.300000 -1.000000 -4.600316 -3.595825 -3.436779 0.412709 -0.053163 0.000000 -1.000000 1 1.401826739e-05
188 0.380886 -0.300000 -1.000000 -4.625705 -3.757437 -3.320542 0.412709 -0.053201 0.000000 -1.000000 1 2.192705870e-05
189 0.380900 -0.300000 -1.000000 -4.641354 -3.922761 -3.198813 0.412715 -0.053183 0.000000 -1.000000 1 1.772912219e-05
190 0.380887 -0.300000 -1.000000 -4.647483 -4.091129 -3.071944 0.412715 -0.053211 0.000000 -1.000000 1 2.273172140e-05
191 0.380902 -0.300000 -1.000000 -4.642389 -4.262025 -2.939537 0.412721 -0.053193 0.000000 -1.000000 1 1.772912219e-05
192 0.380884 -0.300001 -1.000000 -4.626399 -4.433698 -2.802078 0.412721 -0.053231 0.000000 -1.000000 1 1.787720248e-05
193 0.380898 -0.300001 -1.000000 -4.597862 -4.605564 -2.659152 0.412726 -0.053214 0.000000 -1.000000 1 1.721829176e-05
194 0.380885 -0.300000 -0.999999 -4.557231 -4.776489 -2.511240 0.412726 -0.053242 0.000000 -1.000000 1 1.844437793e-05
195 0.380899 -0.300000 -0.999999 -4.502670 -4.947114 -2.357917 0.412732 -0.053224 0.000000 -1.000000 1 2.428609878e-05
196 0.380882 -0.300000 -0.999999 -4.435140 -5.114352 -2.199871 0.412732 -0.053262 0.000000 -1.000000 1 1.673493534e-05
197 0.380896 -0.300000 -0.999999 -4.353028 -5.277932 -2.036749 0.412738 -0.053245 0.000000 -1.000000 1 1.673633233e-05
198 0.380878 -0.300000 -0.999999 -4.258142 -5.434562 -1.869402 0.412738 -0.053283 0.000000 -1.000000 1 1.747813076e-05
199 0.380892 -0.300000 -0.999999 -4.148756 -5.584603 -1.697503 0.412743 -0.053265 0.000000 -1.000000 1 2.328911796e-05
200 0.380880 -0.300000 -0.999999 -4.025854 -5.726255 -1.521785 0.412744 -0.053293 0.000000 -1.000000 1 2.130214125e-05
201 0.380894 -0.300000 -0.999999 -3.889240 -5.857940 -1.342246 0.412749 -0.053275 0.000000 -1.000000 1 1.101009548e-05
202 0.380876 -0.300000 -0.999999 -3.741096 -5.977233 -1.159794 0.412750 -0.053313 0.000000 -1.000000 1 1.775706187e-05
203 0.380890 -0.300000 -0.974420 -3.581673 -6.083043 -0.974421 0.412755 -0.053296 0.000000 -1.000000 1 1.763598993e-05
204 0.380873 -0.300000 -0.787105 -3.413087 -6.173763 -0.787105 0.412755 -0.053333 0.000000 -1.000000 1 2.064928412e-05
205 0.380888 -0.300000 -0.597807 -3.234254 -6.249328 -0.597807 0.412761 -0.053315 0.000000 -1.000000 1 1.809280366e-05
206 0.380874 -0.300000 -0.407637 -3.049207 -6.307470 -0.407637 0.412760 -0.053343 0.000000 -1.000000 1 1.726113260e-05
207 0.380888 -0.300000 -0.216741 -2.859242 -6.347905 -0.216741 0.412764 -0.053321 0.000000 -1.000000 1 1.765927300e-05
208 0.380868 -0.300000 -0.026264 -2.667099 -6.369692 -0.026264 0.412763 -0.053363 0.000000 -1.000000 1 1.795310527e-05
209 0.380886 -0.300000 0.163499 -2.471732 -6.373427 0.163499 0.412767 -0.053333 0.000000 -1.000000 1 1.904694363e-05
