9 0.429184 0.009142 -0.051929 0.429222 0.009143 -0.051933 0.000000 0.000000 0.000000 0.000087 1
10 0.431834 0.009604 0.150914 0.431872 0.009605 0.150927 0.000000 0.000000 0.000000 0.000087 1
11 0.569215 0.082503 0.682347 0.569266 0.082510 0.682408 0.000000 0.000000 0.000000 0.000089 1
12 0.643268 0.111873 0.740563 0.643339 0.111886 0.740644 0.000000 0.000000 0.000000 0.000110 1
13 0.633319 0.137352 0.668963 0.633413 0.137372 0.669063 0.000000 0.000000 0.000000 0.000148 1
14 0.598664 0.199719 0.645844 0.598788 0.199760 0.645977 0.000000 0.000000 0.000000 0.000206 1
15 0.627454 0.251967 0.648286 0.627624 0.252036 0.648462 0.000000 0.000000 0.000000 0.000271 1
16 0.620638 0.299874 0.703919 0.620898 0.300000 0.704214 0.000000 0.000000 0.000000 0.000419 1
17 0.667778 0.295271 0.607645 0.668197 0.295456 0.608026 0.000000 0.000000 0.000000 0.000627 1
18 0.652245 0.299661 0.681143 0.652983 0.300000 0.681914 0.000000 0.000000 0.000000 0.001130 1
19 0.661329 0.289794 0.556849 0.662632 0.290365 0.557946 0.000000 0.000000 0.000000 0.001967 1
20 0.608917 0.277797 0.553576 0.611409 0.278935 0.555842 0.000000 0.000000 0.000000 0.004077 1
21 0.588919 0.216246 0.415600 0.593680 0.217994 0.418959 0.000000 0.000000 0.000000 0.008018 1
22 0.543768 0.184673 0.356490 0.552442 0.187619 0.362176 0.000000 0.000000 0.000000 0.015700 1
23 0.549815 0.145983 0.260842 0.564409 0.149858 0.267765 0.000000 0.000000 0.000000 0.025857 1
24 0.517245 0.133072 0.317211 0.541362 0.139276 0.332001 0.000000 0.000000 0.000000 0.044549 1
25 0.488704 0.115446 0.275229 0.526790 0.124443 0.296678 0.000000 0.000000 0.000000 0.072298 1
26 0.437359 0.110995 0.286375 0.495310 0.125702 0.324320 0.000000 0.000000 0.000000 0.117000 1
27 0.410580 0.097278 0.241795 0.495456 0.117387 0.291780 0.000000 0.000000 0.000000 0.171309 1
28 0.362788 0.088814 0.243559 0.482875 0.118213 0.324179 0.000000 0.000000 0.000000 0.248690 1
29 0.333303 0.080425 0.213645 0.498757 0.120349 0.319700 0.000000 0.000000 0.000000 0.331732 1
30 0.289553 0.069730 0.199944 0.511362 0.123145 0.353109 0.000000 0.000000 0.000000 0.433760 1
31 0.255036 0.061725 0.169342 0.546839 0.132348 0.363097 0.000000 0.000000 0.000000 0.533618 1
32 0.209841 0.050008 0.143038 0.585140 0.139446 0.398862 0.000000 0.000000 0.000000 0.641383 1
33 0.168637 0.040642 0.111805 0.642957 0.154956 0.426274 0.000000 0.000000 0.000000 0.737717 1
34 0.122031 0.029095 0.080396 0.709553 0.169173 0.467463 0.000000 0.000000 0.000000 0.828017 1
35 0.080562 0.019786 0.051965 0.794604 0.195150 0.512543 0.000000 0.000000 0.000000 0.898614 1
36 0.041968 0.010389 0.026365 0.892976 0.221053 0.560980 0.000000 0.000000 0.000000 0.953002 1
37 0.015075 0.003896 0.009305 1.000000 0.258421 0.617229 0.000000 0.000000 0.000000 0.984925 1
38 0.000000 0.000000 0.000000 1.000000 0.296922 0.668721 0.000000 0.000000 0.000000 1.000000 1
39 0.000000 0.000000 0.000000 1.000000 0.300000 0.730402 0.000000 0.000000 0.000000 1.000000 1
40 0.000000 0.000000 0.000000 1.000000 0.300000 0.778066 0.000000 0.000000 0.000000 1.000000 1
41 0.004652 0.001396 0.003892 1.000000 0.300000 0.836589 0.000000 0.000000 0.000000 0.995348 1
42 0.010469 0.003141 0.009195 1.000000 0.300000 0.878343 0.000000 0.000000 0.000000 0.989531 1
43 0.013715 0.004114 0.012714 1.000000 0.300000 0.927039 0.000000 0.000000 0.000000 0.986285 1
44 0.016241 0.004872 0.015609 1.000000 0.300000 0.961076 0.000000 0.000000 0.000000 0.983759 1
45 0.015790 0.004737 0.015758 1.000000 0.300000 0.997981 0.000000 0.000000 0.000000 0.984210 1
46 0.015688 0.004706 0.015688 1.000000 0.300000 1.000000 0.000000 0.000000 0.000000 0.984312 1
47 0.014058 0.004217 0.014058 1.000000 0.300000 1.000000 0.000000 0.000000 0.000000 0.985942 1
48 0.013761 0.004128 0.013761 1.000000 0.300000 1.000000 0.000000 0.000000 0.000000 0.986239 1
49 0.012760 0.003828 0.012760 1.000000 0.300000 1.000000 0.000000 0.000000 0.000000 0.987240 1
50 0.013238 0.003971 0.013238 1.000000 0.300000 1.000000 0.000000 0.000000 0.000000 0.986762 1
51 0.012771 0.003831 0.012771 1.000000 0.300000 1.000000 0.000000 0.000000 0.000000 0.987229 1
52 0.013628 0.004088 0.013628 1.000000 0.300000 1.000000 0.000000 0.000000 0.000000 0.986372 1
53 0.013136 0.003941 0.013136 1.000000 0.300000 1.000000 0.000000 0.000000 0.000000 0.986864 1
54 0.013921 0.004176 0.013921 1.000000 0.300000 1.000000 0.000000 0.000000 0.000000 0.986079 1
55 0.013260 0.003978 0.013260 1.000000 0.300000 1.000000 0.000000 0.000000 0.000000 0.986740 1
56 0.013924 0.004177 0.013924 1.000000 0.300000 1.000000 0.000000 0.000000 0.000000 0.986076 1
57 0.013205 0.003962 0.013205 1.000000 0.300000 1.000000 0.000000 0.000000 0.000000 0.986795 1
58 0.013859 0.004158 0.013859 1.000000 0.300000 1.000000 0.000000 0.000000 0.000000 0.986141 1
59 0.013160 0.003948 0.013160 1.000000 0.300000 1.000000 0.000000 0.000000 0.000000 0.986840 1
60 0.013857 0.004157 0.013857 1.000000 0.300000 1.000000 0.000000 0.000000 0.000000 0.986143 1
61 0.013170 0.003951 0.013170 1.000000 0.300000 1.000000 0.000000 0.000000 0.000000 0.986830 1
62 0.013897 0.004169 0.013897 1.000000 0.300000 1.000000 0.000000 0.000000 0.000000 0.986103 1
63 0.013197 0.003959 0.013197 1.000000 0.300000 1.000000 0.000000 0.000000 0.000000 0.986803 1
64 0.013932 0.004180 0.013932 1.000000 0.300000 1.000000 0.000000 0.000000 0.000000 0.986068 1
65 0.013213 0.003964 0.013213 1.000000 0.300000 1.000000 0.000000 0.000000 0.000000 0.986787 1
66 0.013955 0.004186 0.013617 1.000000 0.300000 0.975771 0.000000 0.000000 0.000000 0.986045 1
67 0.013230 0.003969 0.012496 1.000000 0.300000 0.944543 0.000000 0.000000 0.000000 0.986770 1
68 0.013961 0.004188 0.012628 1.000000 0.300000 0.904490 0.000000 0.000000 0.000000 0.986039 1
69 0.013548 0.004064 0.011749 1.000000 0.300000 0.867250 0.000000 0.000000 0.000000 0.986452 1
70 0.014441 0.004332 0.011849 1.000000 0.300000 0.820506 0.000000 0.000000 0.000000 0.985559 1
71 0.013627 0.004088 0.010583 1.000000 0.300000 0.776612 0.000000 0.000000 0.000000 0.986373 1
72 0.014116 0.004235 0.010214 1.000000 0.300000 0.723552 0.000000 0.000000 0.000000 0.985884 1
73 0.013408 0.004023 0.009022 1.000000 0.300000 0.672898 0.000000 0.000000 0.000000 0.986592 1
74 0.014353 0.004306 0.008799 1.000000 0.300000 0.613058 0.000000 0.000000 0.000000 0.985647 1
75 0.014006 0.004202 0.007785 1.000000 0.300000 0.555801 0.000000 0.000000 0.000000 0.985994 1
76 0.014478 0.004343 0.007080 1.000000 0.300000 0.489049 0.000000 0.000000 0.000000 0.985522 1
77 0.013666 0.004100 0.005801 1.000000 0.300000 0.424503 0.000000 0.000000 0.000000 0.986334 1
78 0.013988 0.004196 0.004899 1.000000 0.300000 0.350223 0.000000 0.000000 0.000000 0.986012 1
79 0.013731 0.004119 0.003821 1.000000 0.300000 0.278309 0.000000 0.000000 0.000000 0.986269 1
80 0.014201 0.004260 0.002790 1.000000 0.300000 0.196483 0.000000 0.000000 0.000000 0.985799 1
81 0.013838 0.004151 0.001611 1.000000 0.300000 0.116457 0.000000 0.000000 0.000000 0.986162 1
82 0.014192 0.004258 0.000375 1.000000 0.300000 0.026388 0.000000 0.000000 0.000000 0.985808 1
83 0.013944 0.004183 -0.000865 1.000000 0.300000 -0.062039 0.000000 0.000000 0.000000 0.986056 1
84 0.014438 0.004332 -0.002326 1.000000 0.300000 -0.161063 0.000000 0.000000 0.000000 0.985562 1
85 0.014258 0.004277 -0.003680 1.000000 0.300000 -0.258111 0.000000 0.000000 0.000000 0.985742 1
86 0.014271 0.004281 -0.005221 1.000000 0.300000 -0.365829 0.000000 0.000000 0.000000 0.985729 1
87 0.014045 0.004213 -0.006625 1.000000 0.300000 -0.471687 0.000000 0.000000 0.000000 0.985955 1
88 0.014111 0.004233 -0.008303 1.000000 0.300000 -0.588428 0.000000 0.000000 0.000000 0.985889 1
89 0.014443 0.004333 -0.010158 1.000000 0.300000 -0.703277 0.000000 0.000000 0.000000 0.985557 1
90 0.014462 0.004339 -0.011990 1.000000 0.300000 -0.829065 0.000000 0.000000 0.000000 0.985538 1
91 0.014658 0.004397 -0.013973 1.000000 0.300000 -0.953284 0.000000 0.000000 0.000000 0.985342 1
92 0.014404 0.004321 -0.014404 1.000000 0.300000 -1.000000 0.000000 0.000000 0.000000 0.985596 1
93 0.014731 0.004419 -0.014731 1.000000 0.300000 -1.000000 0.000000 0.000000 0.000000 0.985269 1
94 0.014638 0.004391 -0.014638 1.000000 0.300000 -1.000000 0.000000 0.000000 0.000000 0.985362 1
95 0.014956 0.004487 -0.014956 1.000000 0.300000 -1.000000 0.000000 0.000000 0.000000 0.985044 1
96 0.014482 0.004345 -0.014482 1.000000 0.300000 -1.000000 0.000000 0.000000 0.000000 0.985518 1
97 0.014601 0.004380 -0.014601 1.000000 0.300000 -1.000000 0.000000 0.000000 0.000000 0.985399 1
98 0.014171 0.004251 -0.014171 1.000000 0.300000 -1.000000 0.000000 0.000000 0.000000 0.985829 1
99 0.014697 0.004409 -0.014697 1.000000 0.300000 -1.000000 0.000000 0.000000 0.000000 0.985303 1
100 0.014261 0.004278 -0.014261 1.000000 0.300000 -1.000000 0.000000 0.000000 0.000000 0.985739 1
101 0.014555 0.004367 -0.014555 1.000000 0.300000 -1.000000 0.000000 0.000000 0.000000 0.985445 1
102 0.014167 0.004250 -0.014167 1.000000 0.300000 -1.000000 0.000000 0.000000 0.000000 0.985833 1
103 0.014466 0.004340 -0.014466 1.000000 0.300000 -1.000000 0.000000 0.000000 0.000000 0.985534 1
104 0.014404 0.004321 -0.014404 1.000000 0.300000 -1.000000 0.000000 0.000000 0.000000 0.985596 1
105 0.014863 0.004459 -0.014863 1.000000 0.300000 -1.000000 0.000000 0.000000 0.000000 0.985137 1
106 0.014436 0.004331 -0.014436 1.000000 0.300000 -1.000000 0.000000 0.000000 0.000000 0.985564 1
107 0.014618 0.004385 -0.014618 1.000000 0.300000 -1.000000 0.000000 0.000000 0.000000 0.985382 1
108 0.014175 0.001993 -0.014175 1.000000 0.140612 -1.000000 0.000000 0.000000 0.000000 0.985825 1
109 0.014599 -0.000124 -0.014599 1.000000 -0.008504 -1.000000 0.000000 0.000000 0.000000 0.985401 1
110 0.014423 -0.002687 -0.014423 1.000000 -0.186296 -1.000000 0.000000 0.000000 0.000000 0.985577 1
111 0.013987 -0.004196 -0.013987 1.000000 -0.300000 -1.000000 0.000000 0.000000 0.000000 0.986013 1
112 0.014053 -0.004216 -0.014053 1.000000 -0.300000 -1.000000 0.000000 0.000000 0.000000 0.985947 1
113 0.013196 -0.003959 -0.013196 1.000000 -0.300000 -1.000000 0.000000 0.000000 0.000000 0.986804 1
114 0.013700 -0.004110 -0.013700 1.000000 -0.300000 -1.000000 0.000000 0.000000 0.000000 0.986300 1
115 0.013198 -0.003959 -0.013198 1.000000 -0.300000 -1.000000 0.000000 0.000000 0.000000 0.986802 1
116 0.013605 -0.004082 -0.013605 1.000000 -0.300000 -1.000000 0.000000 0.000000 0.000000 0.986395 1
117 0.013188 -0.003956 -0.013188 1.000000 -0.300000 -1.000000 0.000000 0.000000 0.000000 0.986812 1
118 0.013804 -0.004141 -0.013804 1.000000 -0.300000 -1.000000 0.000000 0.000000 0.000000 0.986196 1
119 0.013608 -0.004083 -0.013608 1.000000 -0.300000 -1.000000 0.000000 0.000000 0.000000 0.986392 1
120 0.014078 -0.004223 -0.014078 1.000000 -0.300000 -1.000000 0.000000 0.000000 0.000000 0.985922 1
121 0.013468 -0.004040 -0.013468 1.000000 -0.300000 -1.000000 0.000000 0.000000 0.000000 0.986532 1
122 0.013870 -0.004161 -0.013870 1.000000 -0.300000 -1.000000 0.000000 0.000000 0.000000 0.986130 1
123 0.013279 -0.003984 -0.013279 1.000000 -0.300000 -1.000000 0.000000 0.000000 0.000000 0.986721 1
124 0.013850 -0.004155 -0.013850 1.000000 -0.300000 -1.000000 0.000000 0.000000 0.000000 0.986150 1
125 0.013301 -0.003990 -0.013301 1.000000 -0.300000 -1.000000 0.000000 0.000000 0.000000 0.986699 1
126 0.013642 -0.004093 -0.013642 1.000000 -0.300000 -1.000000 0.000000 0.000000 0.000000 0.986358 1
127 0.013165 -0.003949 0.013165 1.000000 -0.300000 1.000000 0.000000 0.000000 0.000000 0.986835 1
128 0.013972 -0.004192 0.013972 1.000000 -0.300000 1.000000 0.000000 0.000000 0.000000 0.986028 1
129 0.012461 -0.003738 0.012461 1.000000 -0.300000 1.000000 0.000000 0.000000 0.000000 0.987539 1
130 0.013434 -0.004030 0.013434 1.000000 -0.300000 1.000000 0.000000 0.000000 0.000000 0.986566 1
131 0.011815 -0.003544 0.011815 1.000000 -0.300000 1.000000 0.000000 0.000000 0.000000 0.988185 1
132 0.013237 -0.003971 0.013237 1.000000 -0.300000 1.000000 0.000000 0.000000 0.000000 0.986763 1
133 0.011923 -0.003577 0.011923 1.000000 -0.300000 1.000000 0.000000 0.000000 0.000000 0.988077 1
134 0.013885 -0.004165 0.013885 1.000000 -0.300000 1.000000 0.000000 0.000000 0.000000 0.986115 1
135 0.012490 -0.003747 0.012490 1.000000 -0.300000 1.000000 0.000000 0.000000 0.000000 0.987510 1
136 0.014085 -0.004225 0.014085 1.000000 -0.300000 1.000000 0.000000 0.000000 0.000000 0.985915 1
137 0.012413 -0.003724 0.012413 1.000000 -0.300000 1.000000 0.000000 0.000000 0.000000 0.987587 1
138 0.013894 -0.004168 0.013894 1.000000 -0.300000 1.000000 0.000000 0.000000 0.000000 0.986106 1
139 0.012299 -0.003690 0.012299 1.000000 -0.300000 1.000000 0.000000 0.000000 0.000000 0.987701 1
140 0.013791 -0.004137 0.013791 1.000000 -0.300000 1.000000 0.000000 0.000000 0.000000 0.986209 1
141 0.012178 -0.003654 0.012178 1.000000 -0.300000 1.000000 0.000000 0.000000 0.000000 0.987822 1
142 0.013737 -0.004121 0.013737 1.000000 -0.300000 1.000000 0.000000 0.000000 0.000000 0.986263 1
143 0.012167 -0.002594 0.012167 1.000000 -0.213239 1.000000 0.000000 0.000000 0.000000 0.987833 1
144 0.013830 -0.001782 0.013830 1.000000 -0.128867 1.000000 0.000000 0.000000 0.000000 0.986170 1
145 0.012430 -0.000338 0.012430 1.000000 -0.027233 1.000000 0.000000 0.000000 0.000000 0.987570 1
146 0.013888 0.000864 0.013888 1.000000 0.062208 1.000000 0.000000 0.000000 0.000000 0.986112 1
147 0.012731 0.002135 0.012731 1.000000 0.167678 1.000000 0.000000 0.000000 0.000000 0.987269 1
148 0.014052 0.003647 0.014052 1.000000 0.259559 1.000000 0.000000 0.000000 0.000000 0.985948 1
149 0.013129 0.003939 0.013129 1.000000 0.300000 1.000000 0.000000 0.000000 0.000000 0.986871 1
150 0.014180 0.004254 0.014180 1.000000 0.300000 1.000000 0.000000 0.000000 0.000000 0.985820 1
151 0.013303 0.003991 0.013303 1.000000 0.300000 1.000000 0.000000 0.000000 0.000000 0.986697 1
152 0.014241 0.004272 0.014241 1.000000 0.300000 1.000000 0.000000 0.000000 0.000000 0.985759 1
153 0.013388 0.004016 0.013388 1.000000 0.300000 1.000000 0.000000 0.000000 0.000000 0.986612 1
154 0.014516 0.004355 0.014516 1.000000 0.300000 1.000000 0.000000 0.000000 0.000000 0.985484 1
155 0.013729 0.004119 0.013729 1.000000 0.300000 1.000000 0.000000 0.000000 0.000000 0.986271 1
156 0.014726 0.004418 0.014726 1.000000 0.300000 1.000000 0.000000 0.000000 0.000000 0.985274 1
157 0.013846 0.004154 0.013846 1.000000 0.300000 1.000000 0.000000 0.000000 0.000000 0.986154 1
158 0.014818 0.004445 0.014818 1.000000 0.300000 1.000000 0.000000 0.000000 0.000000 0.985182 1
159 0.013866 0.004160 0.013866 1.000000 0.300000 1.000000 0.000000 0.000000 0.000000 0.986134 1
160 0.014719 0.004416 0.014719 1.000000 0.300000 1.000000 0.000000 0.000000 0.000000 0.985281 1
161 0.013514 0.004054 0.013514 1.000000 0.300000 1.000000 0.000000 0.000000 0.000000 0.986486 1
162 0.014385 0.004316 0.014385 1.000000 0.300000 1.000000 0.000000 0.000000 0.000000 0.985615 1
163 0.013369 0.004011 0.013369 1.000000 0.300000 1.000000 0.000000 0.000000 0.000000 0.986631 1
164 0.014531 0.004359 0.014531 1.000000 0.300000 1.000000 0.000000 0.000000 0.000000 0.985469 1
165 0.013705 0.004112 0.013705 1.000000 0.300000 1.000000 0.000000 0.000000 0.000000 0.986295 1
166 0.014798 0.004439 0.014798 1.000000 0.300000 1.000000 0.000000 0.000000 0.000000 0.985202 1
167 0.013888 0.004166 0.013888 1.000000 0.300000 1.000000 0.000000 0.000000 0.000000 0.986112 1
168 0.014948 0.004484 0.014948 1.000000 0.300000 1.000000 0.000000 0.000000 0.000000 0.985052 1
169 0.013942 0.004183 0.013942 1.000000 0.300000 1.000000 0.000000 0.000000 0.000000 0.986058 1
170 0.014855 0.004456 0.014855 1.000000 0.300000 1.000000 0.000000 0.000000 0.000000 0.985145 1
171 0.013583 0.004075 0.013583 1.000000 0.300000 1.000000 0.000000 0.000000 0.000000 0.986417 1
172 0.014510 0.004353 0.014510 1.000000 0.300000 1.000000 0.000000 0.000000 0.000000 0.985490 1
173 0.013427 0.004028 0.013427 1.000000 0.300000 1.000000 0.000000 0.000000 0.000000 0.986573 1
174 0.014645 0.004393 0.014645 1.000000 0.300000 1.000000 0.000000 0.000000 0.000000 0.985355 1
175 0.013762 0.004128 0.013762 1.000000 0.300000 1.000000 0.000000 0.000000 0.000000 0.986238 1
176 0.014915 0.004475 0.014915 1.000000 0.300000 1.000000 0.000000 0.000000 0.000000 0.985085 1
177 0.013943 0.004183 0.013943 1.000000 0.300000 1.000000 0.000000 0.000000 0.000000 0.986057 1
178 0.015048 0.004514 0.015048 1.000000 0.300000 1.000000 0.000000 0.000000 0.000000 0.984952 1
179 0.013746 0.004124 0.013746 1.000000 0.300000 1.000000 0.000000 0.000000 0.000000 0.986254 1
180 0.014613 0.004384 0.014613 1.000000 0.300000 1.000000 0.000000 0.000000 0.000000 0.985387 1
181 0.013466 0.004040 0.013466 1.000000 0.300000 1.000000 0.000000 0.000000 0.000000 0.986534 1
182 0.014716 0.004415 0.014716 1.000000 0.300000 1.000000 0.000000 0.000000 0.000000 0.985284 1
183 0.013639 0.004092 0.013639 1.000000 0.300000 1.000000 0.000000 0.000000 0.000000 0.986361 1
184 0.014804 0.004441 0.014804 1.000000 0.300000 1.000000 0.000000 0.000000 0.000000 0.985196 1
185 0.013632 0.004089 0.013632 1.000000 0.300000 1.000000 0.000000 0.000000 0.000000 0.986368 1
186 0.014894 0.004468 0.014894 1.000000 0.300000 1.000000 0.000000 0.000000 0.000000 0.985106 1
187 0.013656 0.004175 0.013918 0.981189 0.300000 1.000000 0.000000 0.000000 0.000000 0.986082 1
188 0.012781 0.004544 0.015148 0.843747 0.300000 1.000000 0.000000 0.000000 0.000000 0.984852 1
189 0.009738 0.004226 0.014087 0.691256 0.300000 1.000000 0.000000 0.000000 0.000000 0.985913 1
190 0.008636 0.004749 0.015831 0.545516 0.300000 1.000000 0.000000 0.000000 0.000000 0.984169 1
191 0.006229 0.004864 0.016213 0.384185 0.300000 1.000000 0.000000 0.000000 0.000000 0.983787 1
192 0.004605 0.005919 0.019729 0.233409 0.300000 1.000000 0.000000 0.000000 0.000000 0.980271 1
193 0.001528 0.006548 0.021827 0.070006 0.300000 1.000000 0.000000 0.000000 0.000000 0.978173 1
194 -0.002142 0.008058 0.026861 -0.079750 0.300000 1.000000 0.000000 0.000000 0.000000 0.973139 1
195 -0.007493 0.009274 0.030915 -0.242378 0.300000 1.000000 0.000000 0.000000 0.000000 0.969085 1
196 -0.014916 0.011579 -0.038596 -0.386474 0.300000 -1.000000 0.000000 0.000000 0.000000 0.961404 1
197 -0.027873 0.014617 -0.048723 -0.572069 0.300000 -1.000000 0.000000 0.000000 0.000000 0.951277 1
198 -0.045843 0.018185 -0.060617 -0.756282 0.300000 -1.000000 0.000000 0.000000 0.000000 0.939383 1
199 -0.079623 0.024987 -0.083290 -0.955978 0.300000 -1.000000 0.000000 0.000000 0.000000 0.916710 1
200 -0.106490 0.031947 -0.106490 -1.000000 0.300000 -1.000000 0.000000 0.000000 0.000000 0.893510 1
201 -0.154245 0.046274 -0.154245 -1.000000 0.300000 -1.000000 0.000000 0.000000 0.000000 0.845755 1
202 -0.197838 0.059351 -0.197838 -1.000000 0.300000 -1.000000 0.000000 0.000000 0.000000 0.802162 1
203 -0.283733 0.085120 -0.283733 -1.000000 0.300000 -1.000000 0.000000 0.000000 0.000000 0.716267 1
204 -0.360533 0.108160 -0.360533 -1.000000 0.300000 -1.000000 0.000000 0.000000 0.000000 0.639467 1
205 -0.485276 0.145583 -0.485276 -1.000000 0.300000 -1.000000 0.000000 0.000000 0.000000 0.514724 1
206 -0.595168 0.178550 -0.595168 -1.000000 0.300000 -1.000000 0.000000 0.000000 0.000000 0.404832 1
207 -0.717620 0.215286 -0.717620 -1.000000 0.300000 -1.000000 0.000000 0.000000 0.000000 0.282380 1
208 -0.812753 0.243826 -0.812753 -1.000000 0.300000 -1.000000 0.000000 0.000000 0.000000 0.187247 1
209 -0.903449 0.271035 -0.903449 -1.000000 0.300000 -1.000000 0.000000 0.000000 0.000000 0.096551 1
