9 0.429222 0.009143 -0.051933
10 0.431872 0.009605 -0.051870
11 0.571752 0.089721 0.012248
12 0.627683 0.137596 0.006148
13 0.623532 0.220974 0.049494
14 0.563450 0.291620 0.073730
15 0.504721 0.300006 0.034417
16 0.407012 0.300002 0.048481
17 0.394066 0.300205 -0.055092
18 0.334089 0.300107 -0.076878
19 0.329228 0.300061 -0.125947
20 0.272146 0.300046 -0.111784
21 0.261119 0.300028 -0.128525
22 0.199079 0.300019 -0.099456
23 0.187455 0.300010 -0.110566
24 0.124888 0.300006 -0.076660
25 0.119587 0.300002 -0.089149
26 0.062552 0.300001 -0.056553
27 0.063745 0.300000 -0.067653
28 0.008954 0.300000 -0.029658
29 0.011910 0.300000 -0.035611
30 -0.045231 0.300000 0.011702
31 -0.037499 0.300000 0.002061
32 -0.086237 0.300000 0.037444
33 -0.072566 0.300000 0.025101
34 -0.111197 0.300000 0.050045
35 -0.097671 0.279809 0.039404
36 -0.145914 0.244886 0.046343
37 -0.192694 0.223919 0.018281
38 -0.260118 0.213164 0.015373
39 -0.329598 0.235411 -0.011066
40 -0.416788 0.280488 0.020830
41 -0.298908 0.299980 0.000558
42 -0.214974 0.300013 0.047824
43 -0.125745 0.299990 0.106683
44 -0.065348 0.300006 0.136690
45 -0.025634 0.300007 0.151770
46 -0.004889 0.300005 0.160230
47 0.014338 0.300002 0.148830
48 -0.050398 0.300000 0.152877
49 -0.096558 0.300000 0.119008
50 -0.195858 0.300000 0.141137
51 -0.179008 0.300000 0.079120
52 -0.220135 0.300000 0.084899
53 -0.188386 0.300000 0.055492
54 -0.199358 0.300000 0.061415
55 -0.198331 0.300000 0.075139
56 -0.212360 0.300000 0.080197
57 -0.195693 0.300000 0.074915
58 -0.204720 0.300000 0.074691
59 -0.188001 0.300000 0.070983
60 -0.200760 0.300000 0.075939
61 -0.192703 0.300000 0.079907
62 -0.209961 0.300000 0.086973
63 -0.191946 0.300000 0.078373
64 -0.202470 0.300000 0.080191
65 -0.186653 0.300000 0.076948
66 -0.198559 0.300000 0.081480
67 -0.183634 0.300000 0.078311
68 -0.194946 0.300000 0.081249
69 -0.179284 0.300000 0.078192
70 -0.188962 0.300000 0.079866
71 -0.173814 0.300000 0.078685
72 -0.096005 0.299979 0.082079
73 -0.002227 0.299977 0.102668
74 0.087868 0.299975 0.084404
75 0.143406 0.299995 0.111944
76 0.145320 0.280365 0.120767
77 0.146282 0.271150 0.107418
78 0.173663 0.275474 -0.131614
79 0.209044 0.292129 -0.199453
80 0.304367 0.285874 -0.604220
81 0.409655 0.254895 -0.941058
82 0.557769 0.190423 -1.000000
83 0.625707 -0.269402 -1.000000
84 0.327863 -0.299985 -1.000000
85 0.222478 -0.300001 -1.000000
86 0.201571 -0.300043 -1.000000
87 0.253263 -0.300001 -1.000000
88 0.295759 -0.300000 -1.000000
89 0.361444 -0.300017 -1.000000
90 0.465186 -0.299968 -1.000000
91 0.663219 -0.300005 -1.000000
92 0.999974 -0.254741 -1.000000
93 0.999938 -0.049774 -1.000000
94 1.000010 0.094345 -1.000000
95 0.999999 0.125251 -1.000000
96 0.999990 0.074845 -1.000000
97 0.999999 0.085117 -1.000000
98 0.999987 0.043115 -1.000000
99 1.000001 0.078670 -1.000000
100 0.999986 0.024785 -1.000000
101 1.000002 0.061329 -1.000000
102 0.999987 0.009102 -1.000000
103 1.000002 0.047085 -1.000000
104 0.999987 -0.009172 -1.000000
105 1.000003 0.035425 -1.000000
106 1.000001 -0.126227 -1.000000
107 0.999998 -0.093745 -1.000000
108 0.999994 -0.288434 -1.000000
109 0.999995 -0.244926 -1.000000
110 0.999995 -0.299991 -1.000000
111 0.999989 -0.255930 -1.000000
112 0.999981 -0.300067 -1.000000
113 0.999941 -0.267166 -1.000000
114 0.999997 -0.300084 -1.000000
115 0.999987 -0.278295 -1.000000
116 1.000014 -0.300045 -1.000000
117 1.000003 -0.290812 -1.000000
118 0.999983 -0.300103 -1.000000
119 0.999997 -0.300014 -1.000000
120 1.000021 -0.299931 -1.000000
121 0.999989 -0.300037 -1.000000
122 1.000020 -0.299934 -1.000000
123 0.999980 -0.300055 -1.000000
124 1.000019 -0.299937 -1.000000
125 0.999979 -0.300056 -1.000000
126 1.000018 -0.299940 -1.000000
127 0.999979 -0.300054 -1.000000
128 1.000018 -0.299943 -1.000000
129 0.999978 -0.300055 -1.000000
130 1.000017 -0.299944 -1.000000
131 0.999977 -0.300057 -1.000000
132 1.000017 -0.299945 -1.000000
133 0.999976 -0.300058 -1.000000
134 0.994302 -0.300019 -1.000000
135 0.979763 -0.299993 -1.000000
136 0.708882 -0.300000 -1.000000
137 0.694566 -0.299994 -1.000000
138 0.436583 -0.300000 -1.000000
139 0.420935 -0.299996 -1.000000
140 0.177128 -0.300000 -1.000000
141 0.161505 -0.299999 -1.000000
142 -0.066134 -0.300000 -1.000000
143 -0.091076 -0.300002 -1.000000
144 -0.294287 -0.300000 -1.000000
145 -0.326025 -0.300006 -1.000000
146 -0.507044 -0.300000 -1.000000
147 -0.547606 -0.300000 -0.999997
148 -0.712094 -0.299999 -1.000002
149 -0.753289 -0.300000 -0.999997
150 -0.909081 -0.299999 -1.000002
151 -0.954999 -0.300001 -0.999997
152 -0.999999 -0.300002 -1.000002
153 -1.000001 -0.300001 -0.999997
154 -1.000000 -0.300005 -1.000002
155 -1.000001 -0.300003 -0.999999
156 -1.000000 -0.300003 -1.000000
157 -1.000001 -0.300002 -0.999997
158 -1.000000 -0.300004 -1.000002
159 -1.000001 -0.300000 -0.999997
160 -0.999999 -0.300006 -1.000003
161 -0.999999 -0.194756 -1.000001
162 -1.000000 -0.225089 -0.999998
163 -1.000001 -0.205851 -0.999998
164 -0.999953 -0.090883 -1.000000
165 -0.999978 -0.074633 -1.000000
166 -0.999974 -0.114870 -1.000000
167 -0.999924 -0.140695 -1.000000
168 -0.999945 -0.117634 -1.000000
169 -0.999973 -0.080158 -1.000000
170 -0.999986 -0.058229 -1.000000
171 -0.996563 0.006400 -0.999999
172 -0.991229 0.062075 -0.999998
173 -0.979985 -0.027543 -0.999985
174 -0.975365 -0.016524 -0.999999
175 -0.971470 -0.008056 -0.999999
176 -0.968938 -0.001732 -1.000000
177 -0.967841 0.001377 -1.000000
178 -0.968119 -0.002091 -1.000000
179 -0.970077 -0.009130 -1.000000
180 -0.973538 -0.022043 -1.000000
181 -0.978862 -0.039636 -1.000000
182 -0.986018 -0.062795 -1.000000
183 -0.995170 -0.091766 -1.000000
184 -1.000053 -0.107224 -1.000000
185 -1.000032 -0.107368 -1.000000
186 -1.000042 -0.107019 -1.000000
187 -1.000054 -0.107461 -1.000000
188 -1.000068 -0.107139 -1.000000
189 -1.000075 -0.107548 -1.000000
190 -1.000069 -0.107103 -1.000000
191 -1.000064 -0.107387 -1.000000
192 -1.000058 -0.106936 -1.000000
193 -1.000053 -0.107220 -1.000000
194 -1.000047 -0.106772 -1.000000
195 -1.000043 -0.107112 -1.000000
196 -1.000038 -0.106668 -1.000000
197 -1.000034 -0.107017 -1.000000
198 -1.000030 -0.106580 -1.000000
199 -1.000028 -0.106930 -1.000000
200 -1.000000 -0.155295 -1.000000
201 -0.999997 -0.299998 -1.000000
202 -1.000004 -0.299989 -1.000000
203 -1.000004 -0.299989 -1.000000
204 -1.000004 -0.299988 -1.000000
205 -1.000005 -0.299988 -1.000000
206 -1.000005 -0.299988 -1.000000
207 -1.000005 -0.299988 -1.000000
208 -1.000005 -0.299988 -1.000000
209 -1.000005 -0.299988 -1.000000
