9 0.429222 0.009143 -0.051933
10 0.431872 0.009605 0.150927
11 0.569263 0.082512 0.682410
12 0.643326 0.111886 0.740636
13 0.632875 0.133658 0.665547
14 0.588880 0.142889 0.592383
15 0.604079 0.132896 0.526677
16 0.583370 0.119036 0.504737
17 0.594163 0.107033 0.419734
18 0.572007 0.084981 0.415180
19 0.564779 0.077451 0.347209
20 0.537876 0.061071 0.340064
21 0.530982 0.051800 0.282900
22 0.510116 0.035655 0.271357
23 0.503004 0.029045 0.229560
24 0.492738 0.014172 0.222273
25 0.493307 0.012784 0.197506
26 0.493784 0.003401 0.202909
27 0.505820 0.008153 0.188389
28 0.511707 0.001770 0.203742
29 0.523807 0.011210 0.195491
30 0.516745 0.001448 0.224849
31 0.522022 0.007736 0.219433
32 0.497366 -0.011362 0.266546
33 0.506472 -0.004677 0.257332
34 0.485208 -0.020345 0.312677
35 0.510991 -0.007529 0.303019
36 0.507250 -0.012040 0.361670
37 0.548710 0.009231 0.357335
38 0.514638 0.025941 0.402948
39 0.454471 0.064636 0.370539
40 0.367906 0.096435 0.400345
41 0.356970 0.123027 0.326180
42 0.324607 0.140816 0.311298
43 0.316051 0.150870 0.292745
44 0.292212 0.154268 0.334820
45 0.306727 0.158010 0.365961
46 0.336921 0.161066 0.448172
47 0.435809 0.176144 0.543758
48 0.649156 0.211401 0.655729
49 0.757778 0.287550 0.362429
50 0.799919 0.300021 0.174385
51 0.832027 0.299940 -0.017843
52 0.826241 0.299975 -0.142202
53 0.811354 0.300000 -0.348585
54 0.713247 0.300000 -0.442274
55 0.612542 0.300000 -0.450473
56 0.521641 0.300000 -0.404772
57 0.439580 0.300000 -0.341652
58 0.379616 0.300000 -0.342792
59 0.336797 0.300000 -0.300327
60 0.302731 0.199569 -0.248959
61 0.255600 0.109329 -0.200885
62 0.200330 0.061305 -0.155651
63 0.159022 0.022329 -0.130757
64 0.124470 0.000795 -0.119326
65 0.101286 -0.025074 -0.134855
66 0.083439 -0.048820 -0.159866
67 0.083902 -0.095122 -0.219758
68 0.106239 -0.157506 -0.299750
69 0.183401 -0.249602 -0.425711
70 0.330525 -0.300000 -0.571772
71 0.553970 -0.300000 -0.729805
72 1.000001 -0.287657 -0.624554
73 1.000000 -0.041683 -0.462561
74 1.000000 0.122439 -0.339029
75 1.000000 0.218301 -0.213392
76 1.000000 0.153075 0.002466
77 0.895094 0.070085 0.160028
78 0.824851 0.057756 0.179843
79 0.756048 0.083525 0.145870
80 0.720339 0.137972 0.116354
81 0.703753 0.236691 0.052866
82 0.439379 0.301215 0.102879
83 0.313158 0.300000 -0.032428
84 0.269611 0.300000 -0.122196
85 0.356014 0.300000 -0.280168
86 0.371963 0.300000 -0.346800
87 0.417005 0.299996 -0.400443
88 0.403824 0.299973 -0.393702
89 0.434485 0.268161 -0.441286
90 0.424938 0.104441 -0.477052
91 0.441764 -0.058089 -0.559934
92 0.451390 -0.197423 -0.635712
93 0.462858 -0.287864 -0.683946
94 0.534576 -0.300000 -0.622479
95 0.565922 -0.300000 -0.723504
96 0.631734 -0.300000 -0.566489
97 0.616467 -0.300000 -0.658354
98 0.650225 -0.259689 -0.466610
99 0.608531 -0.227801 -0.518520
100 0.591990 -0.141525 -0.362440
101 0.558676 -0.113473 -0.393536
102 0.559765 -0.084700 -0.332919
103 0.552631 -0.083878 -0.415441
104 0.548146 -0.095336 -0.424660
105 0.538794 -0.116710 -0.489332
106 0.546279 -0.138897 -0.490581
107 0.546557 -0.169036 -0.561872
108 0.566655 -0.193113 -0.548379
109 0.574158 -0.228610 -0.631175
110 0.603752 -0.246955 -0.397392
111 0.602403 -0.288874 -0.662897
112 0.638890 -0.277082 -0.591912
113 0.620313 -0.224579 -0.633231
114 0.615633 -0.208369 -0.506756
115 0.572290 -0.181382 -0.502840
116 0.598127 -0.157971 -0.390384
117 0.573404 -0.109282 -0.428491
118 0.562898 -0.093802 -0.349643
119 0.532063 -0.068768 -0.351005
120 0.524343 -0.056985 -0.290433
121 0.504746 -0.034892 -0.285832
122 0.496967 -0.026190 -0.245763
123 0.486606 -0.010364 -0.233827
124 0.485628 -0.007540 -0.208267
125 0.487580 0.001144 -0.195556
126 0.499952 -0.003504 -0.180579
127 0.513397 -0.000767 -0.177660
128 0.531685 -0.010914 -0.174558
129 0.540862 -0.009641 -0.186474
130 0.550099 -0.016289 -0.192443
131 0.537799 -0.004740 -0.223490
132 0.534502 -0.005715 -0.232686
133 0.513098 0.009871 -0.272812
134 0.515856 0.005913 -0.284344
135 0.512885 0.011200 -0.321150
136 0.531478 -0.001883 -0.338560
137 0.559274 -0.013312 -0.359448
138 0.523414 -0.041838 -0.379862
139 0.436311 -0.073915 -0.401761
140 0.404523 -0.110999 -0.337695
141 0.345751 -0.136380 -0.344628
142 0.341399 -0.153267 -0.288019
143 0.292483 -0.160418 -0.334037
144 0.304868 -0.163763 -0.313741
145 0.282935 -0.164538 -0.374591
146 0.329485 -0.163149 -0.416604
147 0.378698 -0.165050 -0.519651
148 0.579003 -0.178973 -0.627365
149 0.750051 -0.225572 -0.491951
150 0.832540 -0.301320 -0.178385
151 0.813418 -0.299675 -0.081919
152 0.835413 -0.300006 0.165804
153 0.807620 -0.300000 0.277490
154 0.705057 -0.299999 0.336004
155 0.596962 -0.300000 0.204947
156 0.506098 -0.300000 0.229290
157 0.413669 -0.300000 0.172258
158 0.350774 -0.300000 0.260824
159 0.270763 -0.299998 0.178263
160 0.247297 -0.252119 0.213071
161 0.272188 -0.132923 0.138648
162 0.275847 -0.047041 0.189839
163 0.294913 0.031605 0.202112
164 0.326904 0.080142 0.238941
165 0.377803 0.119837 0.274126
166 0.468196 0.123639 0.297403
167 0.562742 0.115247 0.290890
168 0.649014 0.057442 0.255802
169 0.674613 0.008301 0.162303
170 0.633514 -0.024987 0.089112
171 0.538821 -0.009459 -0.007430
172 0.446681 -0.011464 -0.004191
173 0.358883 0.002404 -0.050244
174 0.330996 -0.010554 -0.014865
175 0.325002 -0.014171 -0.009203
176 0.341419 -0.028112 -0.003240
177 0.372223 -0.038172 0.006580
178 0.414915 -0.067373 0.022004
179 0.452553 -0.102721 0.018602
180 0.497835 -0.167893 0.053833
181 0.505913 -0.259665 0.036178
182 0.438979 -0.301340 0.151170
183 0.237789 -0.302085 0.093150
184 0.281610 -0.300000 0.304303
185 0.257473 -0.299996 0.204212
186 0.391549 -0.299960 0.386761
187 0.404937 -0.251263 0.310928
188 0.493237 -0.068375 0.451538
189 0.510609 0.072018 0.525213
190 0.507952 0.191722 0.654849
191 0.517314 0.259874 0.630476
192 0.511050 0.300000 0.661675
193 0.572972 0.300000 0.546802
194 0.591262 0.300000 0.624747
195 0.627500 0.300000 0.561375
196 0.607766 0.300000 0.662222
197 0.614532 0.294364 0.563827
198 0.594079 0.270317 0.528865
199 0.633648 0.202125 0.386831
200 0.612455 0.162664 0.415760
201 0.595469 0.115763 0.371570
202 0.564166 0.096388 0.398589
203 0.557758 0.082461 0.383414
204 0.538166 0.084987 0.429706
205 0.534861 0.094432 0.433681
206 0.521121 0.113501 0.495216
207 0.529331 0.131922 0.498775
208 0.523906 0.155891 0.549196
209 0.543385 0.180125 0.551674
