9 0.429165 0.009142 -0.051926 0.429222 0.009143 -0.051933 0.000000 0.000000 0.000000 0.000132 1 0.000000000e+00
10 0.431815 0.009604 0.150907 0.431872 0.009605 0.150927 0.000000 0.000000 0.000000 0.000132 1 0.000000000e+00
11 0.569207 0.082461 0.682240 0.569281 0.082472 0.682328 0.000000 0.000000 0.000000 0.000130 1 0.000000000e+00
12 0.643272 0.111665 0.740317 0.643373 0.111683 0.740432 0.000000 0.000000 0.000000 0.000156 1 0.000000000e+00
13 0.633199 0.137099 0.668905 0.633331 0.137128 0.669045 0.000000 0.000000 0.000000 0.000209 1 0.000000000e+00
14 0.598390 0.199994 0.645447 0.598564 0.200052 0.645634 0.000000 0.000000 0.000000 0.000290 1 0.000000000e+00
15 0.627466 0.250599 0.648070 0.627707 0.250695 0.648319 0.000000 0.000000 0.000000 0.000384 1 0.000000000e+00
16 0.620676 0.299196 0.698511 0.621047 0.299374 0.698928 0.000000 0.000000 0.000000 0.000596 1 0.000000000e+00
17 0.666574 0.289365 0.600619 0.667172 0.289624 0.601158 0.000000 0.000000 0.000000 0.000896 1 0.000000000e+00
18 0.652638 0.299516 0.664834 0.653692 0.300000 0.665907 0.000000 0.000000 0.000000 0.001612 1 0.000000000e+00
19 0.663834 0.280176 0.539579 0.665690 0.280960 0.541087 0.000000 0.000000 0.000000 0.002788 1 0.000000000e+00
20 0.611461 0.266547 0.533929 0.615017 0.268097 0.537035 0.000000 0.000000 0.000000 0.005783 1 0.000000000e+00
21 0.588121 0.205858 0.404614 0.594910 0.208234 0.409284 0.000000 0.000000 0.000000 0.011411 1 0.000000000e+00
22 0.540268 0.175436 0.352871 0.552613 0.179444 0.360933 0.000000 0.000000 0.000000 0.022338 1 0.000000000e+00
23 0.541616 0.136847 0.262204 0.562381 0.142093 0.272257 0.000000 0.000000 0.000000 0.036924 1 0.000000000e+00
24 0.505691 0.122096 0.302275 0.539941 0.130366 0.322748 0.000000 0.000000 0.000000 0.063432 1 0.000000000e+00
25 0.474062 0.104925 0.258610 0.527929 0.116847 0.287995 0.000000 0.000000 0.000000 0.102034 1 0.000000000e+00
26 0.417823 0.100002 0.268006 0.499629 0.119582 0.320480 0.000000 0.000000 0.000000 0.163734 1 0.000000000e+00
27 0.384201 0.086972 0.226301 0.503743 0.114033 0.296714 0.000000 0.000000 0.000000 0.237308 1 0.000000000e+00
28 0.328609 0.077390 0.220980 0.497838 0.117245 0.334782 0.000000 0.000000 0.000000 0.339929 1 0.000000000e+00
29 0.288469 0.067185 0.187304 0.521710 0.121508 0.338749 0.000000 0.000000 0.000000 0.447071 1 0.000000000e+00
30 0.233313 0.054266 0.161325 0.546782 0.127176 0.378074 0.000000 0.000000 0.000000 0.573298 1 0.000000000e+00
31 0.185305 0.043044 0.123836 0.597576 0.138809 0.399348 0.000000 0.000000 0.000000 0.689905 1 0.000000000e+00
32 0.127615 0.029435 0.086402 0.657306 0.151611 0.445034 0.000000 0.000000 0.000000 0.805852 1 0.000000000e+00
33 0.076372 0.017817 0.050371 0.740761 0.172818 0.488565 0.000000 0.000000 0.000000 0.896900 1 0.000000000e+00
34 0.027949 0.006597 0.018096 0.840030 0.198281 0.543888 0.000000 0.000000 0.000000 0.966729 1 0.000000000e+00
35 0.000000 0.000000 0.000000 0.959812 0.232885 0.603427 0.000000 0.000000 0.000000 1.000000 1 0.000000000e+00
36 0.000000 0.000000 0.000000 1.000000 0.273965 0.664975 0.000000 0.000000 0.000000 1.000000 1 0.000000000e+00
37 0.000000 0.000000 0.000000 1.000000 0.300000 0.737681 0.000000 0.000000 0.000000 1.000000 1 0.000000000e+00
38 0.000000 0.000000 0.000000 1.000000 0.300000 0.791411 0.000000 0.000000 0.000000 1.000000 1 0.000000000e+00
39 0.000000 0.000000 0.000000 1.000000 0.300000 0.856942 0.000000 0.000000 0.000000 1.000000 1 0.000000000e+00
40 0.004523 0.001357 0.004101 1.000000 0.300000 0.906723 0.000000 0.000000 0.000000 0.995477 1 0.000000000e+00
41 0.011108 0.003332 0.010705 1.000000 0.300000 0.963698 0.000000 0.000000 0.000000 0.988892 1 0.000000000e+00
42 0.016273 0.004882 0.016273 1.000000 0.300000 1.000000 0.000000 0.000000 0.000000 0.983727 1 0.000000000e+00
43 0.017409 0.005223 0.017409 1.000000 0.300000 1.000000 0.000000 0.000000 0.000000 0.982591 1 0.000000000e+00
44 0.017627 0.005288 0.017627 1.000000 0.300000 1.000000 0.000000 0.000000 0.000000 0.982373 1 0.000000000e+00
45 0.015212 0.004564 0.015212 1.000000 0.300000 1.000000 0.000000 0.000000 0.000000 0.984788 1 0.000000000e+00
46 0.013914 0.004174 0.013914 1.000000 0.300000 1.000000 0.000000 0.000000 0.000000 0.986086 1 0.000000000e+00
47 0.012126 0.003638 0.012126 1.000000 0.300000 1.000000 0.000000 0.000000 0.000000 0.987874 1 0.000000000e+00
48 0.012217 0.003665 0.012217 1.000000 0.300000 1.000000 0.000000 0.000000 0.000000 0.987783 1 0.000000000e+00
49 0.011791 0.003537 0.011791 1.000000 0.300000 1.000000 0.000000 0.000000 0.000000 0.988209 1 0.000000000e+00
50 0.013054 0.003916 0.013054 1.000000 0.300000 1.000000 0.000000 0.000000 0.000000 0.986946 1 0.000000000e+00
51 0.013062 0.003919 0.013062 1.000000 0.300000 1.000000 0.000000 0.000000 0.000000 0.986938 1 0.000000000e+00
52 0.014100 0.004230 0.014100 1.000000 0.300000 1.000000 0.000000 0.000000 0.000000 0.985900 1 0.000000000e+00
53 0.013441 0.004032 0.013441 1.000000 0.300000 1.000000 0.000000 0.000000 0.000000 0.986559 1 0.000000000e+00
54 0.013965 0.004189 0.013965 1.000000 0.300000 1.000000 0.000000 0.000000 0.000000 0.986035 1 0.000000000e+00
55 0.013070 0.003921 0.013070 1.000000 0.300000 1.000000 0.000000 0.000000 0.000000 0.986930 1 0.000000000e+00
56 0.013591 0.004077 0.013591 1.000000 0.300000 1.000000 0.000000 0.000000 0.000000 0.986409 1 0.000000000e+00
57 0.012874 0.003862 0.012874 1.000000 0.300000 1.000000 0.000000 0.000000 0.000000 0.987126 1 0.000000000e+00
58 0.013600 0.004080 0.013600 1.000000 0.300000 1.000000 0.000000 0.000000 0.000000 0.986400 1 0.000000000e+00
59 0.012979 0.003894 0.012979 1.000000 0.300000 1.000000 0.000000 0.000000 0.000000 0.987021 1 0.000000000e+00
60 0.013765 0.004130 0.013765 1.000000 0.300000 1.000000 0.000000 0.000000 0.000000 0.986235 1 0.000000000e+00
61 0.013080 0.003924 0.013080 1.000000 0.300000 1.000000 0.000000 0.000000 0.000000 0.986920 1 0.000000000e+00
62 0.013821 0.004146 0.013821 1.000000 0.300000 1.000000 0.000000 0.000000 0.000000 0.986179 1 0.000000000e+00
63 0.013073 0.003922 0.013073 1.000000 0.300000 1.000000 0.000000 0.000000 0.000000 0.986927 1 0.000000000e+00
64 0.013800 0.004140 0.013800 1.000000 0.300000 1.000000 0.000000 0.000000 0.000000 0.986200 1 0.000000000e+00
65 0.013047 0.003914 0.013047 1.000000 0.300000 1.000000 0.000000 0.000000 0.000000 0.986953 1 0.000000000e+00
66 0.013803 0.004141 0.013803 1.000000 0.300000 1.000000 0.000000 0.000000 0.000000 0.986197 1 0.000000000e+00
67 0.013056 0.003917 0.013056 1.000000 0.300000 1.000000 0.000000 0.000000 0.000000 0.986944 1 0.000000000e+00
68 0.013839 0.004152 0.013839 1.000000 0.300000 1.000000 0.000000 0.000000 0.000000 0.986161 1 0.000000000e+00
69 0.013414 0.004024 0.013273 1.000000 0.300000 0.989507 0.000000 0.000000 0.000000 0.986586 1 0.000000000e+00
70 0.014444 0.004333 0.013612 1.000000 0.300000 0.942351 0.000000 0.000000 0.000000 0.985556 1 0.000000000e+00
71 0.013419 0.004026 0.012049 1.000000 0.300000 0.897900 0.000000 0.000000 0.000000 0.986581 1 0.000000000e+00
72 0.013957 0.004187 0.011785 1.000000 0.300000 0.844331 0.000000 0.000000 0.000000 0.986043 1 0.000000000e+00
73 0.013081 0.003924 0.010374 1.000000 0.300000 0.793092 0.000000 0.000000 0.000000 0.986919 1 0.000000000e+00
74 0.014008 0.004202 0.010260 1.000000 0.300000 0.732466 0.000000 0.000000 0.000000 0.985992 1 0.000000000e+00
75 0.013667 0.004100 0.009221 1.000000 0.300000 0.674682 0.000000 0.000000 0.000000 0.986333 1 0.000000000e+00
76 0.014315 0.004294 0.008695 1.000000 0.300000 0.607408 0.000000 0.000000 0.000000 0.985685 1 0.000000000e+00
77 0.013610 0.004083 0.007376 1.000000 0.300000 0.541997 0.000000 0.000000 0.000000 0.986390 1 0.000000000e+00
78 0.013975 0.004192 0.006529 1.000000 0.300000 0.467238 0.000000 0.000000 0.000000 0.986025 1 0.000000000e+00
79 0.013548 0.004064 0.005348 1.000000 0.300000 0.394706 0.000000 0.000000 0.000000 0.986452 1 0.000000000e+00
80 0.013816 0.004145 0.004311 1.000000 0.300000 0.312000 0.000000 0.000000 0.000000 0.986184 1 0.000000000e+00
81 0.013334 0.004000 0.003085 1.000000 0.300000 0.231336 0.000000 0.000000 0.000000 0.986666 1 0.000000000e+00
82 0.013818 0.004145 0.001945 1.000000 0.300000 0.140728 0.000000 0.000000 0.000000 0.986182 1 0.000000000e+00
83 0.013588 0.004076 0.000703 1.000000 0.300000 0.051741 0.000000 0.000000 0.000000 0.986412 1 0.000000000e+00
84 0.014056 0.004217 -0.000677 1.000000 0.300000 -0.048154 0.000000 0.000000 0.000000 0.985944 1 0.000000000e+00
85 0.013861 0.004158 -0.002021 1.000000 0.300000 -0.145797 0.000000 0.000000 0.000000 0.986139 1 0.000000000e+00
86 0.013914 0.004174 -0.003535 1.000000 0.300000 -0.254075 0.000000 0.000000 0.000000 0.986086 1 0.000000000e+00
87 0.013888 0.004166 -0.005012 1.000000 0.300000 -0.360901 0.000000 0.000000 0.000000 0.986112 1 0.000000000e+00
88 0.013918 0.004175 -0.006655 1.000000 0.300000 -0.478135 0.000000 0.000000 0.000000 0.986082 1 0.000000000e+00
89 0.014239 0.004272 -0.008453 1.000000 0.300000 -0.593640 0.000000 0.000000 0.000000 0.985761 1 0.000000000e+00
90 0.013919 0.004176 -0.010027 1.000000 0.300000 -0.720364 0.000000 0.000000 0.000000 0.986081 1 0.000000000e+00
91 0.014075 0.004223 -0.011899 1.000000 0.300000 -0.845379 0.000000 0.000000 0.000000 0.985925 1 0.000000000e+00
92 0.013550 0.004065 -0.013302 1.000000 0.300000 -0.981652 0.000000 0.000000 0.000000 0.986450 1 0.000000000e+00
93 0.013768 0.004130 -0.013768 1.000000 0.300000 -1.000000 0.000000 0.000000 0.000000 0.986232 1 0.000000000e+00
94 0.013643 0.004093 -0.013643 1.000000 0.300000 -1.000000 0.000000 0.000000 0.000000 0.986357 1 0.000000000e+00
95 0.014288 0.004286 -0.014288 1.000000 0.300000 -1.000000 0.000000 0.000000 0.000000 0.985712 1 0.000000000e+00
96 0.013892 0.004168 -0.013892 1.000000 0.300000 -1.000000 0.000000 0.000000 0.000000 0.986108 1 0.000000000e+00
97 0.014468 0.004340 -0.014468 1.000000 0.300000 -1.000000 0.000000 0.000000 0.000000 0.985532 1 0.000000000e+00
98 0.013798 0.004139 -0.013798 1.000000 0.300000 -1.000000 0.000000 0.000000 0.000000 0.986202 1 0.000000000e+00
99 0.014442 0.004333 -0.014442 1.000000 0.300000 -1.000000 0.000000 0.000000 0.000000 0.985558 1 0.000000000e+00
100 0.013686 0.004106 -0.013686 1.000000 0.300000 -1.000000 0.000000 0.000000 0.000000 0.986314 1 0.000000000e+00
101 0.014040 0.004212 -0.014040 1.000000 0.300000 -1.000000 0.000000 0.000000 0.000000 0.985960 1 0.000000000e+00
102 0.013431 0.004029 -0.013431 1.000000 0.300000 -1.000000 0.000000 0.000000 0.000000 0.986569 1 0.000000000e+00
103 0.013907 0.004172 -0.013907 1.000000 0.300000 -1.000000 0.000000 0.000000 0.000000 0.986093 1 0.000000000e+00
104 0.013598 0.004079 -0.013598 1.000000 0.300000 -1.000000 0.000000 0.000000 0.000000 0.986402 1 0.000000000e+00
105 0.014059 0.004218 -0.014059 1.000000 0.300000 -1.000000 0.000000 0.000000 0.000000 0.985941 1 0.000000000e+00
106 0.013406 0.004022 -0.013406 1.000000 0.300000 -1.000000 0.000000 0.000000 0.000000 0.986594 1 0.000000000e+00
107 0.013869 0.004161 -0.013869 1.000000 0.300000 -1.000000 0.000000 0.000000 0.000000 0.986131 1 0.000000000e+00
108 0.013462 0.004039 -0.013462 1.000000 0.300000 -1.000000 0.000000 0.000000 0.000000 0.986538 1 0.000000000e+00
109 0.014338 0.004301 -0.014338 1.000000 0.300000 -1.000000 0.000000 0.000000 0.000000 0.985662 1 0.000000000e+00
110 0.013742 0.004016 -0.013742 1.000000 0.292280 -1.000000 0.000000 0.000000 0.000000 0.986258 1 0.000000000e+00
111 0.014169 0.002213 -0.014169 1.000000 0.156184 -1.000000 0.000000 0.000000 0.000000 0.985831 1 0.000000000e+00
112 0.013606 -0.000121 -0.013606 1.000000 -0.008922 -1.000000 0.000000 0.000000 0.000000 0.986394 1 0.000000000e+00
113 0.013835 -0.001877 -0.013835 1.000000 -0.135675 -1.000000 0.000000 0.000000 0.000000 0.986165 1 0.000000000e+00
114 0.014121 -0.003997 -0.014121 1.000000 -0.283076 -1.000000 0.000000 0.000000 0.000000 0.985879 1 0.000000000e+00
115 0.013625 -0.004088 -0.013625 1.000000 -0.300000 -1.000000 0.000000 0.000000 0.000000 0.986375 1 0.000000000e+00
116 0.013794 -0.004138 -0.013794 1.000000 -0.300000 -1.000000 0.000000 0.000000 0.000000 0.986206 1 0.000000000e+00
117 0.013125 -0.003938 -0.013125 1.000000 -0.300000 -1.000000 0.000000 0.000000 0.000000 0.986875 1 0.000000000e+00
118 0.013348 -0.004004 -0.013348 1.000000 -0.300000 -1.000000 0.000000 0.000000 0.000000 0.986652 1 0.000000000e+00
119 0.013072 -0.003921 -0.013072 1.000000 -0.300000 -1.000000 0.000000 0.000000 0.000000 0.986928 1 0.000000000e+00
120 0.013421 -0.004026 -0.013421 1.000000 -0.300000 -1.000000 0.000000 0.000000 0.000000 0.986579 1 0.000000000e+00
121 0.013151 -0.003945 -0.013151 1.000000 -0.300000 -1.000000 0.000000 0.000000 0.000000 0.986849 1 0.000000000e+00
122 0.013774 -0.004132 -0.013774 1.000000 -0.300000 -1.000000 0.000000 0.000000 0.000000 0.986226 1 0.000000000e+00
123 0.013360 -0.004008 -0.013360 1.000000 -0.300000 -1.000000 0.000000 0.000000 0.000000 0.986640 1 0.000000000e+00
124 0.014015 -0.004204 -0.014015 1.000000 -0.300000 -1.000000 0.000000 0.000000 0.000000 0.985985 1 0.000000000e+00
125 0.013381 -0.004014 -0.013381 1.000000 -0.300000 -1.000000 0.000000 0.000000 0.000000 0.986619 1 0.000000000e+00
126 0.013605 -0.004082 -0.013605 1.000000 -0.300000 -1.000000 0.000000 0.000000 0.000000 0.986395 1 0.000000000e+00
127 0.013053 -0.003916 -0.013053 1.000000 -0.300000 -1.000000 0.000000 0.000000 0.000000 0.986947 1 0.000000000e+00
128 0.013354 -0.004006 0.013354 1.000000 -0.300000 1.000000 0.000000 0.000000 0.000000 0.986646 1 0.000000000e+00
129 0.012596 -0.003779 0.012596 1.000000 -0.300000 1.000000 0.000000 0.000000 0.000000 0.987404 1 0.000000000e+00
130 0.014040 -0.004212 0.014040 1.000000 -0.300000 1.000000 0.000000 0.000000 0.000000 0.985960 1 0.000000000e+00
131 0.012691 -0.003807 0.012691 1.000000 -0.300000 1.000000 0.000000 0.000000 0.000000 0.987309 1 0.000000000e+00
132 0.014152 -0.004245 0.014152 1.000000 -0.300000 1.000000 0.000000 0.000000 0.000000 0.985848 1 0.000000000e+00
133 0.012396 -0.003719 0.012396 1.000000 -0.300000 1.000000 0.000000 0.000000 0.000000 0.987604 1 0.000000000e+00
134 0.014218 -0.004265 0.014218 1.000000 -0.300000 1.000000 0.000000 0.000000 0.000000 0.985782 1 0.000000000e+00
135 0.012345 -0.003703 0.012345 1.000000 -0.300000 1.000000 0.000000 0.000000 0.000000 0.987655 1 0.000000000e+00
136 0.014008 -0.004202 0.014008 1.000000 -0.300000 1.000000 0.000000 0.000000 0.000000 0.985992 1 0.000000000e+00
137 0.012169 -0.003651 0.012169 1.000000 -0.300000 1.000000 0.000000 0.000000 0.000000 0.987831 1 0.000000000e+00
138 0.013913 -0.004174 0.013913 1.000000 -0.300000 1.000000 0.000000 0.000000 0.000000 0.986087 1 0.000000000e+00
139 0.012468 -0.003323 0.012468 1.000000 -0.266568 1.000000 0.000000 0.000000 0.000000 0.987532 1 0.000000000e+00
140 0.014163 -0.002815 0.014163 1.000000 -0.198749 1.000000 0.000000 0.000000 0.000000 0.985837 1 0.000000000e+00
141 0.012387 -0.001385 0.012387 1.000000 -0.111825 1.000000 0.000000 0.000000 0.000000 0.987613 1 0.000000000e+00
142 0.013833 -0.000520 0.013833 1.000000 -0.037574 1.000000 0.000000 0.000000 0.000000 0.986167 1 0.000000000e+00
143 0.012482 0.000683 0.012482 1.000000 0.054757 1.000000 0.000000 0.000000 0.000000 0.987518 1 0.000000000e+00
144 0.014339 0.001906 0.014339 1.000000 0.132897 1.000000 0.000000 0.000000 0.000000 0.985661 1 0.000000000e+00
145 0.013131 0.003015 0.013131 1.000000 0.229616 1.000000 0.000000 0.000000 0.000000 0.986869 1 0.000000000e+00
146 0.014316 0.004295 0.014316 1.000000 0.300000 1.000000 0.000000 0.000000 0.000000 0.985684 1 0.000000000e+00
147 0.013342 0.004003 0.013342 1.000000 0.300000 1.000000 0.000000 0.000000 0.000000 0.986658 1 0.000000000e+00
148 0.014327 0.004298 0.014327 1.000000 0.300000 1.000000 0.000000 0.000000 0.000000 0.985673 1 0.000000000e+00
149 0.013539 0.004062 0.013539 1.000000 0.300000 1.000000 0.000000 0.000000 0.000000 0.986461 1 0.000000000e+00
150 0.014596 0.004379 0.014596 1.000000 0.300000 1.000000 0.000000 0.000000 0.000000 0.985404 1 0.000000000e+00
151 0.013608 0.004082 0.013608 1.000000 0.300000 1.000000 0.000000 0.000000 0.000000 0.986392 1 0.000000000e+00
152 0.014525 0.004357 0.014525 1.000000 0.300000 1.000000 0.000000 0.000000 0.000000 0.985475 1 0.000000000e+00
153 0.013571 0.004071 0.013571 1.000000 0.300000 1.000000 0.000000 0.000000 0.000000 0.986429 1 0.000000000e+00
154 0.014551 0.004365 0.014551 1.000000 0.300000 1.000000 0.000000 0.000000 0.000000 0.985449 1 0.000000000e+00
155 0.013533 0.004060 0.013533 1.000000 0.300000 1.000000 0.000000 0.000000 0.000000 0.986467 1 0.000000000e+00
156 0.014495 0.004348 0.014495 1.000000 0.300000 1.000000 0.000000 0.000000 0.000000 0.985505 1 0.000000000e+00
157 0.013563 0.004069 0.013563 1.000000 0.300000 1.000000 0.000000 0.000000 0.000000 0.986437 1 0.000000000e+00
158 0.014632 0.004390 0.014632 1.000000 0.300000 1.000000 0.000000 0.000000 0.000000 0.985368 1 0.000000000e+00
159 0.013666 0.004100 0.013666 1.000000 0.300000 1.000000 0.000000 0.000000 0.000000 0.986334 1 0.000000000e+00
160 0.014595 0.004378 0.014595 1.000000 0.300000 1.000000 0.000000 0.000000 0.000000 0.985405 1 0.000000000e+00
161 0.013281 0.003984 0.013281 1.000000 0.300000 1.000000 0.000000 0.000000 0.000000 0.986719 1 0.000000000e+00
162 0.014195 0.004258 0.014195 1.000000 0.300000 1.000000 0.000000 0.000000 0.000000 0.985805 1 0.000000000e+00
163 0.013137 0.003941 0.013137 1.000000 0.300000 1.000000 0.000000 0.000000 0.000000 0.986863 1 0.000000000e+00
164 0.014209 0.004263 0.014209 1.000000 0.300000 1.000000 0.000000 0.000000 0.000000 0.985791 1 0.000000000e+00
165 0.013198 0.003959 0.013198 1.000000 0.300000 1.000000 0.000000 0.000000 0.000000 0.986802 1 0.000000000e+00
166 0.014264 0.004279 0.014264 1.000000 0.300000 1.000000 0.000000 0.000000 0.000000 0.985736 1 0.000000000e+00
167 0.013297 0.003989 0.013297 1.000000 0.300000 1.000000 0.000000 0.000000 0.000000 0.986703 1 0.000000000e+00
168 0.014652 0.004395 0.014652 1.000000 0.300000 1.000000 0.000000 0.000000 0.000000 0.985348 1 0.000000000e+00
169 0.013794 0.004138 0.013794 1.000000 0.300000 1.000000 0.000000 0.000000 0.000000 0.986206 1 0.000000000e+00
170 0.014866 0.004460 0.014866 1.000000 0.300000 1.000000 0.000000 0.000000 0.000000 0.985134 1 0.000000000e+00
171 0.013473 0.004042 0.013473 1.000000 0.300000 1.000000 0.000000 0.000000 0.000000 0.986527 1 0.000000000e+00
172 0.014388 0.004316 0.014388 1.000000 0.300000 1.000000 0.000000 0.000000 0.000000 0.985612 1 0.000000000e+00
173 0.013200 0.003960 0.013200 1.000000 0.300000 1.000000 0.000000 0.000000 0.000000 0.986800 1 0.000000000e+00
174 0.014512 0.004354 0.014512 1.000000 0.300000 1.000000 0.000000 0.000000 0.000000 0.985488 1 0.000000000e+00
175 0.013608 0.004082 0.013608 1.000000 0.300000 1.000000 0.000000 0.000000 0.000000 0.986392 1 0.000000000e+00
176 0.014860 0.004458 0.014860 1.000000 0.300000 1.000000 0.000000 0.000000 0.000000 0.985140 1 0.000000000e+00
177 0.013824 0.004147 0.013824 1.000000 0.300000 1.000000 0.000000 0.000000 0.000000 0.986176 1 0.000000000e+00
178 0.014977 0.004493 0.014977 1.000000 0.300000 1.000000 0.000000 0.000000 0.000000 0.985023 1 0.000000000e+00
179 0.013498 0.004049 0.013498 1.000000 0.300000 1.000000 0.000000 0.000000 0.000000 0.986502 1 0.000000000e+00
180 0.014373 0.004312 0.014373 1.000000 0.300000 1.000000 0.000000 0.000000 0.000000 0.985627 1 0.000000000e+00
181 0.013163 0.003949 0.013163 1.000000 0.300000 1.000000 0.000000 0.000000 0.000000 0.986837 1 0.000000000e+00
182 0.014573 0.004372 0.014573 1.000000 0.300000 1.000000 0.000000 0.000000 0.000000 0.985427 1 0.000000000e+00
183 0.013472 0.004042 0.013472 1.000000 0.300000 1.000000 0.000000 0.000000 0.000000 0.986528 1 0.000000000e+00
184 0.014771 0.004431 0.014771 1.000000 0.300000 1.000000 0.000000 0.000000 0.000000 0.985229 1 0.000000000e+00
185 0.013479 0.004044 0.013479 1.000000 0.300000 1.000000 0.000000 0.000000 0.000000 0.986521 1 0.000000000e+00
186 0.014833 0.004450 0.014833 1.000000 0.300000 1.000000 0.000000 0.000000 0.000000 0.985167 1 0.000000000e+00
187 0.013688 0.004135 0.013782 0.993209 0.300000 1.000000 0.000000 0.000000 0.000000 0.986218 1 0.000000000e+00
188 0.012847 0.004520 0.015067 0.852628 0.300000 1.000000 0.000000 0.000000 0.000000 0.984933 1 0.000000000e+00
189 0.009638 0.004146 0.013821 0.697360 0.300000 1.000000 0.000000 0.000000 0.000000 0.986179 1 0.000000000e+00
190 0.008635 0.004716 0.015721 0.549276 0.300000 1.000000 0.000000 0.000000 0.000000 0.984279 1 0.000000000e+00
191 0.006314 0.004905 0.016350 0.386204 0.300000 1.000000 0.000000 0.000000 0.000000 0.983650 1 0.000000000e+00
192 0.004800 0.006144 0.020480 0.234356 0.300000 1.000000 0.000000 0.000000 0.000000 0.979520 1 0.000000000e+00
193 0.001636 0.006943 0.023143 0.070702 0.300000 1.000000 0.000000 0.000000 0.000000 0.976857 1 0.000000000e+00
194 -0.002280 0.008723 0.029078 -0.078426 0.300000 1.000000 0.000000 0.000000 0.000000 0.970922 1 0.000000000e+00
195 -0.008167 0.010250 -0.034167 -0.239023 0.300000 -1.000000 0.000000 0.000000 0.000000 0.965833 1 0.000000000e+00
196 -0.017583 0.012881 -0.042935 -0.409525 0.300000 -1.000000 0.000000 0.000000 0.000000 0.957065 1 0.000000000e+00
197 -0.035720 0.017471 -0.058237 -0.613359 0.300000 -1.000000 0.000000 0.000000 0.000000 0.941763 1 0.000000000e+00
198 -0.059363 0.022071 -0.073571 -0.806889 0.300000 -1.000000 0.000000 0.000000 0.000000 0.926429 1 0.000000000e+00
199 -0.105865 0.031859 -0.106197 -0.996875 0.300000 -1.000000 0.000000 0.000000 0.000000 0.893803 1 0.000000000e+00
200 -0.138748 0.041624 -0.138748 -1.000000 0.300000 -1.000000 0.000000 0.000000 0.000000 0.861252 1 0.000000000e+00
201 -0.211455 0.063437 -0.211455 -1.000000 0.300000 -1.000000 0.000000 0.000000 0.000000 0.788545 1 0.000000000e+00
202 -0.276650 0.082995 -0.276650 -1.000000 0.300000 -1.000000 0.000000 0.000000 0.000000 0.723350 1 0.000000000e+00
203 -0.396034 0.118810 -0.396034 -1.000000 0.300000 -1.000000 0.000000 0.000000 0.000000 0.603966 1 0.000000000e+00
204 -0.502995 0.150899 -0.502995 -1.000000 0.300000 -1.000000 0.000000 0.000000 0.000000 0.497005 1 0.000000000e+00
205 -0.635704 0.190711 -0.635704 -1.000000 0.300000 -1.000000 0.000000 0.000000 0.000000 0.364296 1 0.000000000e+00
206 -0.744577 0.223373 -0.744577 -1.000000 0.300000 -1.000000 0.000000 0.000000 0.000000 0.255423 1 0.000000000e+00
207 -0.858193 0.257458 -0.858193 -1.000000 0.300000 -1.000000 0.000000 0.000000 0.000000 0.141807 1 0.000000000e+00
208 -0.923254 0.276976 -0.923254 -1.000000 0.300000 -1.000000 0.000000 0.000000 0.000000 0.076746 1 0.000000000e+00
209 -0.968709 0.290613 -0.968709 -1.000000 0.300000 -1.000000 0.000000 0.000000 0.000000 0.031291 1 0.000000000e+00
