9 0.429222 0.009143 -0.051933
10 0.431872 0.009605 0.150927
11 0.569263 0.082512 0.682410
12 0.643326 0.111886 0.740636
13 0.633383 0.137375 0.669048
14 0.598739 0.199775 0.645943
15 0.628007 0.251394 0.645865
16 0.621786 0.300000 0.699896
17 0.670325 0.295190 0.605145
18 0.655091 0.300000 0.682945
19 0.662177 0.290724 0.561494
20 0.610185 0.279813 0.557410
21 0.593578 0.220220 0.421333
22 0.552928 0.190137 0.365496
23 0.564451 0.152293 0.268991
24 0.539134 0.140906 0.332679
25 0.519699 0.125694 0.296079
26 0.477682 0.123987 0.318161
27 0.428621 0.106541 0.276835
28 0.372240 0.102244 0.302485
29 0.327064 0.094541 0.273305
30 0.279839 0.091332 0.287919
31 0.242299 0.093990 0.268942
32 0.205867 0.097158 0.278512
33 0.177921 0.111272 0.273419
34 0.153282 0.125796 0.279073
35 0.138548 0.151536 0.279629
36 0.130269 0.181610 0.296934
37 0.141192 0.229120 0.344743
38 0.155765 0.277535 0.476734
39 0.173356 0.300021 0.485157
40 0.183320 0.300017 0.598785
41 0.204615 0.300012 0.554429
42 0.220954 0.300005 0.666642
43 0.233448 0.300004 0.634482
44 0.274999 0.300004 0.659510
45 0.317413 0.300020 0.537629
46 0.387205 0.300066 0.492051
47 0.492793 0.300047 0.300351
48 0.666013 0.300049 0.144569
49 0.839944 0.269138 0.124040
50 0.901163 0.072329 0.076624
51 0.990258 -0.222938 -0.058643
52 0.926230 -0.300000 -0.202431
53 0.856924 -0.299973 -0.309372
54 0.950060 -0.300000 -0.147808
55 0.957838 -0.299999 -0.054867
56 0.860209 -0.299999 0.175088
57 0.631975 -0.300000 0.172891
58 0.551540 -0.300000 0.246491
59 0.401082 -0.300000 0.143816
60 0.388512 -0.300000 0.228282
61 0.301352 -0.300000 0.044743
62 0.346465 -0.219952 0.088571
63 0.342869 -0.123593 -0.030273
64 0.374802 -0.023906 0.057334
65 0.376368 0.048203 0.073456
66 0.365886 0.080438 0.083410
67 0.353768 0.099192 0.050848
68 0.308824 0.083284 0.035137
69 0.269932 0.061223 -0.033396
70 0.230245 0.027765 -0.062666
71 0.197496 -0.002624 -0.116634
72 0.166635 -0.037888 -0.144393
73 0.141921 -0.065892 -0.173455
74 0.123628 -0.098712 -0.196508
75 0.132283 -0.117853 -0.268122
76 0.143179 -0.164062 -0.306805
77 0.161911 -0.202209 -0.376523
78 0.179440 -0.257158 -0.411478
79 0.205275 -0.300000 -0.535791
80 0.217115 -0.299998 -0.562362
81 0.247969 -0.299998 -0.666426
82 0.277449 -0.300008 -0.632484
83 0.354468 -0.300029 -0.594247
84 0.465256 -0.300002 -0.407661
85 0.581467 -0.300002 -0.338465
86 0.785739 -0.300001 -0.344078
87 0.999595 -0.179695 -0.383643
88 0.999984 0.192622 -0.209808
89 1.000056 0.300042 -0.437620
90 1.000009 0.300000 -0.547413
91 1.000003 0.300002 -0.691373
92 0.999980 0.300005 -0.743843
93 0.967121 0.300001 -0.511991
94 0.965836 0.300000 -0.667440
95 0.798613 0.300000 -0.645727
96 0.588659 0.300000 -0.658805
97 0.449846 0.195842 -0.549110
98 0.590301 -0.005601 -0.661233
99 0.719239 -0.230998 -0.936307
100 1.000212 -0.299797 -1.000000
101 1.000005 -0.299995 -1.000000
102 0.999970 -0.300026 -1.000000
103 0.603429 -0.300000 -1.000000
104 1.000000 -0.300000 -0.999995
105 1.000018 -0.299979 -0.999537
106 1.000010 -0.299989 -1.000284
107 1.000005 -0.299995 -1.000258
108 0.999994 -0.300006 -1.000194
109 0.999987 -0.300012 -1.000117
110 0.999977 -0.300019 -0.999998
111 0.999983 -0.300018 -1.000088
112 0.999976 -0.300015 -1.000029
113 0.999977 -0.300010 -1.000018
114 0.999980 -0.300002 -1.000011
115 0.999985 -0.299993 -1.000007
116 0.999993 -0.299980 -1.000004
117 1.000002 -0.299968 -1.000003
118 1.000014 -0.299951 -1.000002
119 1.000024 -0.299939 -1.000001
120 1.000038 -0.299922 -1.000001
121 1.000046 -0.299913 -1.000001
122 0.999999 -0.300002 -1.000000
123 0.999998 -0.300002 -1.000000
124 0.999998 -0.300002 -1.000000
125 0.999998 -0.300002 -1.000000
126 0.999998 -0.300003 -1.000000
127 0.999998 -0.300003 -1.000000
128 0.999997 -0.300003 -1.000000
129 0.910664 -0.300000 -1.000000
130 0.755373 -0.300000 -1.000000
131 0.601777 -0.300000 -1.000000
132 0.447136 -0.300000 -1.000000
133 0.293976 -0.300001 -1.000000
134 0.141092 -0.300001 -1.000000
135 -0.010063 -0.300001 -1.000000
136 -0.160363 -0.300001 -1.000000
137 -0.308496 -0.300001 -1.000000
138 -0.455698 -0.300001 -1.000000
139 -0.600441 -0.300000 1.000045
140 -0.666292 -0.300019 1.000000
141 -0.666457 -0.299999 1.000000
142 -0.666237 -0.300000 1.000000
143 -0.665455 -0.300001 1.000000
144 -0.665190 -0.300002 1.000000
145 -0.664157 -0.300002 1.000000
146 -0.663983 -0.300003 1.000000
147 -0.662966 -0.300004 1.000000
148 -0.662776 -0.300004 1.000000
149 -0.661772 -0.300005 1.000000
150 -0.661590 -0.300005 1.000000
151 -0.660623 -0.300006 1.000000
152 -0.660326 -0.300006 1.000000
153 -0.659346 -0.300006 1.000000
154 -0.659179 -0.300007 1.000000
155 -0.658236 -0.300007 1.000000
156 -0.657988 -0.300007 1.000000
157 -0.657032 -0.300007 1.000000
158 -0.656880 -0.300007 1.000000
159 -0.655957 -0.300007 1.000000
160 -0.655705 -0.300007 1.000000
161 -0.654775 -0.300007 1.000000
162 -0.654632 -0.300007 1.000000
163 -0.653711 -0.300007 1.000000
164 -0.653543 -0.300007 1.000000
165 -0.652657 -0.300007 1.000000
166 -0.652432 -0.300007 1.000000
167 -0.651534 -0.300007 1.000000
168 -0.659164 -0.292194 1.000000
169 -0.745615 -0.203874 1.000000
170 -0.832856 -0.115054 1.000000
171 -0.918468 -0.028762 1.000000
172 -0.999999 0.053919 1.000000
173 -1.000011 0.053716 1.000000
174 -1.000012 0.053871 1.000000
175 -1.000013 0.053679 1.000000
176 -1.000014 0.053820 1.000000
177 -1.000015 0.053625 1.000000
178 -1.000016 0.053769 1.000000
179 -1.000017 0.053572 1.000000
180 -1.000018 0.053713 1.000000
181 -1.000018 0.053517 1.000000
182 -0.999992 0.053608 -1.000044
183 -1.000001 0.052867 -1.000000
184 -1.000000 0.053444 -1.000000
185 -0.999999 0.053389 -1.000000
186 -1.000008 0.047205 -0.999999
187 -1.000008 0.042776 -0.999999
188 -1.000007 0.036489 -0.999999
189 -1.000005 0.032167 -0.999999
190 -1.000003 0.026634 -0.999999
191 -0.999999 0.023099 -0.999999
192 -0.999995 0.018220 -0.999999
193 -0.999991 0.015050 -0.999999
194 -0.999986 0.010897 -0.999999
195 -0.999980 0.008139 -0.999999
196 -0.999975 0.004592 -0.999999
197 -0.999970 0.002354 -0.999999
198 -0.999966 -0.000834 -0.999999
199 -0.999961 -0.002885 -0.999999
200 -0.999958 -0.005517 -0.999999
201 -0.999954 -0.007168 -0.999999
202 -0.999952 -0.009502 -0.999999
203 -0.999950 -0.010964 -0.999999
204 -0.999950 -0.013117 -0.999999
205 -0.999948 -0.014556 -0.999999
206 -0.999949 -0.016568 -0.999999
207 -0.999949 -0.017606 -0.999999
208 -0.999951 -0.019159 -0.999999
209 -0.999951 -0.019939 -0.999999
