9 0.429222 0.009143 -0.051933 0.429222 0.009143 -0.051933 0.000000 0.000000 0.000000 -1.000000 1 2.780277282e-05
10 0.431872 0.009605 0.150927 0.431872 0.009605 0.150927 0.000000 0.000000 0.000000 -1.000000 1 9.185168892e-06
11 0.569263 0.082512 0.682410 0.569263 0.082512 0.682410 0.000000 0.000000 0.000000 -1.000000 1 2.084393054e-05
12 0.643326 0.111886 0.740636 0.643326 0.111886 0.740636 0.000000 0.000000 0.000000 -1.000000 1 2.074707299e-05
13 0.633383 0.137375 0.669048 0.633383 0.137375 0.669048 0.000000 0.000000 0.000000 -1.000000 1 1.704506576e-05
14 0.598738 0.199775 0.645943 0.598739 0.199775 0.645943 0.000000 0.000000 0.000000 -1.000000 1 1.315865666e-05
15 0.628007 0.251394 0.645865 0.628007 0.251394 0.645865 0.000000 0.000000 0.000000 -1.000000 1 1.113396138e-05
16 0.621786 0.300003 0.699896 0.621786 0.303425 0.699896 0.000000 0.000000 0.000000 -1.000000 1 1.963227987e-05
17 0.670325 0.295190 0.605145 0.670325 0.295190 0.605145 0.000000 0.000000 0.000000 -1.000000 1 1.840293407e-05
18 0.655093 0.300114 0.682945 0.655091 0.315058 0.682945 0.000000 0.000000 0.000000 -1.000000 1 1.872004941e-05
19 0.635393 0.269264 0.561495 0.662176 0.290724 0.561495 0.000000 0.000000 0.000000 -1.000000 1 1.907907426e-05
20 0.580433 0.259276 0.560510 0.613898 0.284149 0.560510 0.000000 0.000000 0.000000 -1.000000 1 2.822792158e-05
21 0.554725 0.197939 0.419044 0.608225 0.229136 0.419044 0.000000 0.000000 0.000000 -1.000000 1 3.348011523e-05
22 0.511728 0.172333 0.378162 0.579484 0.206683 0.378162 0.000000 0.000000 0.000000 -1.000000 1 2.756062895e-05
23 0.487372 0.122922 0.283511 0.602257 0.168517 0.283511 0.000000 0.000000 0.000000 -1.000000 1 2.536270767e-05
24 0.448235 0.105725 0.337076 0.593614 0.160270 0.337076 0.000000 0.000000 0.000000 -1.000000 1 2.722488716e-05
25 0.410392 0.087361 0.299365 0.599412 0.146084 0.299365 0.000000 0.000000 0.000000 -1.000000 1 1.847278327e-05
26 0.367361 0.084086 0.325511 0.594425 0.148401 0.325511 0.000000 0.000000 0.000000 -1.000000 1 2.668239176e-05
27 0.331128 0.078070 0.300830 0.616741 0.144103 0.300830 0.000000 0.000000 0.000000 -1.000000 1 2.643978223e-05
28 0.293724 0.075711 0.319331 0.636484 0.144209 0.319331 0.000000 0.000000 0.000000 -1.000000 1 2.800114453e-05
29 0.261505 0.077190 0.300695 0.678163 0.140996 0.300695 0.000000 0.000000 0.000000 -1.000000 1 2.678437158e-05
30 0.230843 0.077476 0.305180 0.724535 0.133631 0.305180 0.000000 0.000000 0.000000 -1.000000 1 2.465210855e-05
31 0.204021 0.087594 0.298897 0.786348 0.130651 0.298897 0.000000 0.000000 0.000000 -1.000000 1 2.679508179e-05
32 0.180284 0.095108 0.298836 0.854593 0.115894 0.298836 0.000000 0.000000 0.000000 -1.000000 1 2.720206976e-05
33 0.161152 0.112575 0.293245 0.935473 0.104403 0.293245 0.000000 0.000000 0.000000 -1.000000 1 2.987403423e-05
34 0.145807 0.129593 0.289220 1.019222 0.077873 0.289220 0.000000 0.000000 0.000000 -1.000000 1 2.911314368e-05
35 0.137235 0.156098 0.287640 1.116089 0.054273 0.287640 0.000000 0.000000 0.000000 -1.000000 1 2.654129639e-05
36 0.133303 0.185485 0.287455 1.208076 0.014718 0.287455 0.000000 0.000000 0.000000 -1.000000 1 1.987023279e-05
37 0.140074 0.224478 0.293832 1.316834 -0.021479 0.293832 0.000000 0.000000 0.000000 -1.000000 1 2.017011866e-05
38 0.153624 0.270269 0.307053 1.409091 -0.072274 0.307053 0.000000 0.000000 0.000000 -1.000000 1 1.896126196e-05
39 0.176877 0.300003 0.311066 1.520672 -0.128645 0.311066 0.000000 0.000000 0.000000 -1.000000 1 2.649705857e-05
40 0.191210 0.300012 0.344456 1.603377 -0.186942 0.344456 0.000000 0.000000 0.000000 -1.000000 1 2.621579915e-05
41 0.223835 0.300014 0.307813 1.695539 -0.290617 0.307813 0.000000 0.000000 0.000000 -1.000000 1 2.757320181e-05
42 0.254565 0.300027 0.334510 1.765443 -0.363850 0.334510 0.000000 0.000000 0.000000 -1.000000 1 2.774316818e-05
43 0.292272 0.300041 0.307481 1.830931 -0.455026 0.307481 0.000000 0.000000 0.000000 -1.000000 1 2.577388659e-05
44 0.338781 0.300000 0.334315 1.877652 -0.520521 0.334315 0.000000 0.000000 0.000000 -1.000000 1 1.177736558e-04
45 0.400960 0.300010 0.300544 1.908132 -0.611152 0.300544 0.000000 0.000000 0.000000 -1.000000 1 2.056639642e-05
46 0.499113 0.300004 0.319491 1.922210 -0.676224 0.319491 0.000000 0.000000 0.000000 -1.000000 1 1.986604184e-05
47 0.679639 0.300000 0.270102 1.896768 -0.772544 0.270102 0.000000 0.000000 0.000000 -1.000000 1 2.633593976e-05
48 1.000000 0.243853 0.253005 1.833835 -0.865497 0.253005 0.000000 0.000000 0.000000 -1.000000 1 3.285566345e-05
49 1.000001 -0.016720 0.184863 1.676045 -0.975160 0.184863 0.000000 0.000000 0.000000 -1.000000 1 1.883180812e-05
50 0.999986 -0.300037 0.138303 1.443377 -1.061034 0.138303 0.000000 0.000000 0.000000 -1.000000 1 1.971889287e-05
51 0.999991 -0.300004 0.045209 1.124184 -1.118703 0.045209 0.000000 0.000000 0.000000 -1.000000 1 1.827208325e-05
52 1.000006 -0.299993 0.110520 1.010414 -1.024774 0.110520 0.000000 0.000000 0.000000 -1.000000 1 1.944508404e-05
53 0.885974 -0.300000 0.241598 0.885974 -0.856338 0.241598 0.000000 0.000000 0.000000 -1.000000 1 1.688906923e-05
54 0.741855 -0.300000 0.391381 0.741854 -0.674789 0.391381 0.000000 0.000000 0.000000 -1.000000 1 1.124013215e-05
55 0.579886 -0.300000 0.386849 0.579885 -0.566140 0.386849 0.000000 0.000000 0.000000 -1.000000 1 2.061203122e-05
56 0.472197 -0.300000 0.437799 0.472196 -0.400548 0.437799 0.000000 0.000000 0.000000 -1.000000 1 7.679685950e-06
57 0.363936 -0.281542 0.303928 0.363936 -0.281542 0.303928 0.000000 0.000000 0.000000 -1.000000 1 2.056267112e-05
58 0.358937 -0.109016 0.365153 0.358937 -0.109016 0.365153 0.000000 0.000000 0.000000 -1.000000 1 1.893192530e-05
59 0.320713 0.001126 0.230147 0.320713 0.001126 0.230147 0.000000 0.000000 0.000000 -1.000000 1 1.844204962e-05
60 0.337173 0.114023 0.256616 0.337173 0.114022 0.256616 0.000000 0.000000 0.000000 -1.000000 1 2.212310210e-05
61 0.354832 0.188567 0.245755 0.354832 0.188568 0.245755 0.000000 0.000000 0.000000 -1.000000 1 1.998804510e-05
62 0.356022 0.210422 0.266626 0.356025 0.210423 0.266626 0.000000 0.000000 0.000000 -1.000000 1 2.144090831e-05
63 0.355705 0.194684 0.170560 0.387866 0.200814 0.170560 0.000000 0.000000 0.000000 -1.000000 1 2.172729000e-05
64 0.329894 0.157674 0.150291 0.394261 0.169334 0.150291 0.000000 0.000000 0.000000 -1.000000 1 1.696916297e-05
65 0.308516 0.121342 0.047338 0.416908 0.136121 0.047338 0.000000 0.000000 0.000000 -1.000000 1 1.945160329e-05
66 0.280436 0.079687 0.011446 0.425694 0.096978 0.011446 0.000000 0.000000 0.000000 -1.000000 1 6.102025509e-06
67 0.254842 0.045679 -0.063233 0.453325 0.063360 -0.063233 0.000000 0.000000 0.000000 -1.000000 1 2.117594704e-05
68 0.225677 0.010061 -0.090449 0.475610 0.029919 -0.090449 0.000000 0.000000 0.000000 -1.000000 1 9.878072888e-06
69 0.199186 -0.014164 -0.124198 0.514856 0.009490 -0.124198 0.000000 0.000000 0.000000 -1.000000 1 1.908373088e-05
70 0.173720 -0.040047 -0.142494 0.560672 -0.009892 -0.142494 0.000000 0.000000 0.000000 -1.000000 1 2.331007272e-05
71 0.151980 -0.056472 -0.158449 0.621064 -0.013186 -0.158449 0.000000 0.000000 0.000000 -1.000000 1 1.691281796e-05
72 0.134397 -0.077659 -0.170892 0.694756 -0.016818 -0.170892 0.000000 0.000000 0.000000 -1.000000 1 1.995824277e-05
73 0.119996 -0.094623 -0.187696 0.776086 -0.006767 -0.187696 0.000000 0.000000 0.000000 -1.000000 1 1.988606527e-05
74 0.112105 -0.117887 -0.194908 0.871632 0.007282 -0.194908 0.000000 0.000000 0.000000 -1.000000 1 1.882063225e-05
75 0.106709 -0.142803 -0.217089 0.966765 0.029365 -0.217089 0.000000 0.000000 0.000000 -1.000000 1 1.870701090e-05
76 0.111372 -0.175441 -0.226466 1.077188 0.059396 -0.226466 0.000000 0.000000 0.000000 -1.000000 1 1.906789839e-05
77 0.117522 -0.214878 -0.273746 1.177904 0.085658 -0.273746 0.000000 0.000000 0.000000 -1.000000 1 2.814317122e-05
78 0.145845 -0.259522 -0.258190 1.296047 0.152597 -0.258190 0.000000 0.000000 0.000000 -1.000000 1 1.842994243e-05
79 0.163111 -0.300000 -0.348175 1.395103 0.172793 -0.348175 0.000000 0.000000 0.000000 -1.000000 1 1.901760697e-05
80 0.203329 -0.300001 -0.289174 1.505313 0.297814 -0.289174 0.000000 0.000000 0.000000 -1.000000 1 1.888722181e-05
81 0.212512 -0.300001 -0.430431 1.601966 0.301901 -0.430431 0.000000 0.000000 0.000000 -1.000000 1 1.889374107e-05
82 0.270905 -0.300000 -0.348839 1.675787 0.464758 -0.348839 0.000000 0.000000 0.000000 -1.000000 1 5.343928933e-06
83 0.305880 -0.299998 -0.455854 1.753378 0.499326 -0.455854 0.000000 0.000000 0.000000 -1.000000 1 1.892820001e-05
84 0.395793 -0.299996 -0.385290 1.781041 0.662696 -0.385290 0.000000 0.000000 0.000000 -1.000000 1 1.943996176e-05
85 0.491984 -0.300024 -0.462824 1.815372 0.718317 -0.462825 0.000000 0.000000 0.000000 -1.000000 1 2.008676529e-05
86 0.748290 -0.300067 -0.411831 1.783214 0.863191 -0.411831 0.000000 0.000000 0.000000 -1.000000 1 2.030190080e-05
87 1.000019 -0.189473 -0.459203 1.727249 0.941169 -0.459203 0.000000 0.000000 0.000000 -1.000000 1 1.898314804e-05
88 0.999996 0.091441 -0.445228 1.577182 1.044651 -0.445228 0.000000 0.000000 0.000000 -1.000000 1 2.053426579e-05
89 1.000013 0.299972 -0.362188 1.325292 1.168095 -0.362188 0.000000 0.000000 0.000000 -1.000000 1 1.932494342e-05
90 1.000005 0.299995 -0.303718 1.064440 1.192123 -0.303718 0.000000 0.000000 0.000000 -1.000000 1 1.918897033e-05
91 0.804659 0.300000 -0.151347 0.804668 1.208321 -0.151347 0.000000 0.000000 0.000000 -1.000000 1 1.735193655e-05
92 0.746487 0.300000 -0.299235 0.746500 1.083584 -0.299235 0.000000 0.000000 0.000000 -1.000000 1 2.012914047e-05
93 0.653409 0.300001 -0.442332 0.653394 0.951073 -0.442332 0.000000 0.000000 0.000000 -1.000000 1 1.896172762e-05
94 0.512414 0.300001 -0.541490 0.512401 0.813310 -0.541490 0.000000 0.000000 0.000000 -1.000000 1 2.102879807e-05
95 0.463080 0.300000 -0.579792 0.463080 0.638925 -0.579792 0.000000 0.000000 0.000000 -1.000000 1 1.889700070e-05
96 0.533781 0.299999 -0.574869 0.533781 0.514779 -0.574869 0.000000 0.000000 0.000000 -1.000000 1 1.931982115e-05
97 0.565215 0.299999 -0.459183 0.565216 0.462978 -0.459183 0.000000 0.000000 0.000000 -1.000000 1 2.030096948e-05
98 0.547225 0.300000 -0.317013 0.547225 0.410143 -0.317013 0.000000 0.000000 0.000000 -1.000000 1 1.980504021e-05
99 0.563396 0.206860 -0.534884 0.563396 0.206861 -0.534884 0.000000 0.000000 0.000000 -1.000000 1 1.939106733e-05
100 0.543200 0.009303 -0.756098 0.543147 0.009285 -0.756098 0.000000 0.000000 0.000000 -1.000000 1 2.261996269e-05
101 0.524369 -0.226532 -0.969498 0.524350 -0.226538 -0.969498 0.000000 0.000000 0.000000 -1.000000 1 2.716993913e-05
102 0.566200 -0.300000 -1.000000 0.566211 -0.381019 -1.066588 0.000000 0.000000 0.000000 -1.000000 1 3.068987280e-05
103 0.602247 -0.300000 -1.000000 0.602272 -0.489444 -1.121894 0.000000 0.000000 0.000000 -1.000000 1 2.490589395e-05
104 0.718916 -0.300000 -0.923011 0.718918 -0.514340 -0.923011 0.000000 0.000000 0.000000 -1.000000 1 2.729007974e-05
105 0.743486 -0.300001 -0.911308 0.743437 -0.546880 -0.911308 0.000000 0.000000 0.000000 -1.000000 1 1.939292997e-05
106 0.810571 -0.300000 -0.695243 0.810571 -0.497251 -0.695243 0.000000 0.000000 0.000000 -1.000000 1 1.791818067e-05
107 0.781545 -0.300000 -0.655248 0.781545 -0.476659 -0.655248 0.000000 0.000000 0.000000 -1.000000 1 1.888722181e-05
108 0.749287 -0.300000 -0.541678 0.749287 -0.416954 -0.541678 0.000000 0.000000 0.000000 -1.000000 1 1.881225035e-05
109 0.677099 -0.300000 -0.579672 0.677099 -0.407717 -0.579672 0.000000 0.000000 0.000000 -1.000000 1 1.871399581e-05
110 0.691015 -0.300000 -0.331371 0.691015 -0.364832 -0.331371 0.000000 0.000000 0.000000 -1.000000 1 1.439405605e-05
111 0.651488 -0.299998 -0.564020 0.651488 -0.357512 -0.564020 0.000000 0.000000 0.000000 -1.000000 1 2.009700984e-05
112 0.686639 -0.284863 -0.465406 0.686690 -0.284956 -0.465406 0.000000 0.000000 0.000000 -1.000000 1 1.988839358e-05
113 0.654948 -0.262885 -0.577389 0.654920 -0.262836 -0.577389 0.000000 0.000000 0.000000 -1.000000 1 2.173567191e-05
114 0.618747 -0.204470 -0.470244 0.618734 -0.204452 -0.470244 0.000000 0.000000 0.000000 -1.000000 1 1.880573109e-05
115 0.567510 -0.201165 -0.494605 0.567506 -0.201161 -0.494605 0.000000 0.000000 0.000000 -1.000000 1 1.907208934e-05
116 0.598473 -0.167543 -0.388138 0.598475 -0.167544 -0.388138 0.000000 0.000000 0.000000 -1.000000 1 2.052029595e-05
117 0.593364 -0.174312 -0.501898 0.593363 -0.174311 -0.501898 0.000000 0.000000 0.000000 -1.000000 1 1.588137820e-05
118 0.589914 -0.166287 -0.436057 0.589913 -0.166287 -0.436057 0.000000 0.000000 0.000000 -1.000000 1 1.944461837e-05
119 0.562050 -0.187261 -0.506469 0.562048 -0.187260 -0.506469 0.000000 0.000000 0.000000 -1.000000 1 2.172822133e-05
120 0.566480 -0.178863 -0.418277 0.566480 -0.178863 -0.418277 0.000000 0.000000 0.000000 -1.000000 1 2.017198130e-05
121 0.539162 -0.195018 -0.496872 0.542680 -0.197172 -0.496872 0.000000 0.000000 0.000000 -1.000000 1 1.070974395e-05
122 0.505434 -0.165398 -0.406694 0.548255 -0.187022 -0.406694 0.000000 0.000000 0.000000 -1.000000 1 7.519032806e-06
123 0.458090 -0.168955 -0.484291 0.529279 -0.204888 -0.484291 0.000000 0.000000 0.000000 -1.000000 1 2.093194053e-05
124 0.424748 -0.147660 -0.397312 0.544592 -0.196855 -0.397312 0.000000 0.000000 0.000000 -1.000000 1 1.869210973e-05
125 0.384718 -0.144191 -0.441248 0.548222 -0.208208 -0.441248 0.000000 0.000000 0.000000 -1.000000 1 2.061296254e-05
126 0.355531 -0.128700 -0.370218 0.584748 -0.200314 -0.370218 0.000000 0.000000 0.000000 -1.000000 1 1.951493323e-05
127 0.322438 -0.121158 -0.411244 0.613348 -0.205531 -0.411244 0.000000 0.000000 0.000000 -1.000000 1 1.916708425e-05
128 0.294906 -0.114139 -0.363880 0.664180 -0.198149 -0.363880 0.000000 0.000000 0.000000 -1.000000 1 2.012215555e-05
129 0.266452 -0.107667 -0.387937 0.713112 -0.195232 -0.387937 0.000000 0.000000 0.000000 -1.000000 1 2.097291872e-05
130 0.242224 -0.107094 -0.340002 0.778463 -0.179727 -0.340002 0.000000 0.000000 0.000000 -1.000000 1 1.921085641e-05
131 0.217911 -0.106825 -0.349719 0.843733 -0.167532 -0.349719 0.000000 0.000000 0.000000 -1.000000 1 1.961039379e-05
132 0.198464 -0.114038 -0.309990 0.922372 -0.143058 -0.309990 0.000000 0.000000 0.000000 -1.000000 1 1.829117537e-05
133 0.179061 -0.123185 -0.324010 0.999868 -0.124542 -0.324010 0.000000 0.000000 0.000000 -1.000000 1 1.868512481e-05
134 0.166939 -0.139637 -0.290703 1.090364 -0.088752 -0.290703 0.000000 0.000000 0.000000 -1.000000 1 1.851608977e-05
135 0.154779 -0.160741 -0.310851 1.176162 -0.063474 -0.310851 0.000000 0.000000 0.000000 -1.000000 1 2.475408837e-05
136 0.154127 -0.188606 -0.282119 1.276116 -0.013728 -0.282119 0.000000 0.000000 0.000000 -1.000000 1 2.023112029e-05
137 0.152349 -0.225234 -0.321890 1.364374 0.012985 -0.321890 0.000000 0.000000 0.000000 -1.000000 1 1.883227378e-05
138 0.170183 -0.266828 -0.292099 1.468373 0.082083 -0.292099 0.000000 0.000000 0.000000 -1.000000 1 1.356564462e-05
139 0.176570 -0.300000 -0.367016 1.552455 0.098019 -0.367016 0.000000 0.000000 0.000000 -1.000000 1 1.897988841e-05
140 0.208697 -0.300000 -0.287183 1.649673 0.226585 -0.287183 0.000000 0.000000 0.000000 -1.000000 1 1.846021041e-05
141 0.210792 -0.299999 -0.394094 1.728909 0.226239 -0.394094 0.000000 0.000000 0.000000 -1.000000 1 1.963414252e-05
142 0.258979 -0.300002 -0.282460 1.796026 0.393906 -0.282460 0.000000 0.000000 0.000000 -1.000000 1 1.871725544e-05
143 0.278384 -0.300002 -0.362983 1.861850 0.413760 -0.362983 0.000000 0.000000 0.000000 -1.000000 1 2.173613757e-05
144 0.340502 -0.299997 -0.270860 1.897429 0.567191 -0.270860 0.000000 0.000000 0.000000 -1.000000 1 1.835823059e-05
145 0.384894 -0.300011 -0.342199 1.937272 0.587862 -0.342199 0.000000 0.000000 0.000000 -1.000000 1 1.761177555e-05
146 0.512125 -0.300028 -0.234640 1.919985 0.751921 -0.234640 0.000000 0.000000 0.000000 -1.000000 1 2.013985068e-05
147 0.705218 -0.300000 -0.258556 1.896344 0.812248 -0.258556 0.000000 0.000000 0.000000 -1.000000 1 2.630986273e-05
148 1.000000 -0.167249 -0.094938 1.767358 1.021959 -0.094938 0.000000 0.000000 0.000000 -1.000000 1 2.636900172e-05
149 0.999994 0.125100 -0.016125 1.572565 1.159513 -0.016125 0.000000 0.000000 0.000000 -1.000000 1 2.033775672e-05
150 1.000017 0.299962 0.100341 1.288442 1.304754 0.100341 0.000000 0.000000 0.000000 -1.000000 1 1.824693754e-05
151 0.999980 0.300018 0.140904 1.085964 1.343646 0.140904 0.000000 0.000000 0.000000 -1.000000 1 1.836521551e-05
152 0.800642 0.299999 0.215848 0.800664 1.348344 0.215848 0.000000 0.000000 0.000000 -1.000000 1 1.956988126e-05
153 0.706880 0.300001 0.058432 0.706854 1.239854 0.058432 0.000000 0.000000 0.000000 -1.000000 1 2.088909969e-05
154 0.547013 0.300001 -0.027344 0.547013 1.143404 -0.027344 0.000000 0.000000 0.000000 -1.000000 1 1.955823973e-05
155 0.448055 0.299999 -0.102890 0.448055 1.023269 -0.102890 0.000000 0.000000 0.000000 -1.000000 1 1.922808588e-05
156 0.364891 0.299999 -0.129959 0.364891 0.909745 -0.129959 0.000000 0.000000 0.000000 -1.000000 1 1.875404269e-05
157 0.357106 0.300000 -0.164904 0.357106 0.770264 -0.164904 0.000000 0.000000 0.000000 -1.000000 1 1.883320510e-05
158 0.311221 0.300000 -0.138212 0.311221 0.635613 -0.138212 0.000000 0.000000 0.000000 -1.000000 1 1.948000863e-05
159 0.324775 0.300000 -0.128360 0.324775 0.501432 -0.128360 0.000000 0.000000 0.000000 -1.000000 1 1.855799928e-05
160 0.307083 0.300000 -0.090289 0.307083 0.370803 -0.090289 0.000000 0.000000 0.000000 -1.000000 1 1.889094710e-05
161 0.336967 0.245468 -0.074746 0.336967 0.245468 -0.074746 0.000000 0.000000 0.000000 -1.000000 1 1.895101741e-05
162 0.336402 0.121009 -0.065629 0.336405 0.121008 -0.065629 0.000000 0.000000 0.000000 -1.000000 1 1.864694059e-05
163 0.353924 0.020444 -0.096457 0.353924 0.020444 -0.096457 0.000000 0.000000 0.000000 -1.000000 1 1.642806455e-05
164 0.331299 -0.060451 -0.122602 0.353709 -0.063019 -0.122602 0.000000 0.000000 0.000000 -1.000000 1 1.997407526e-05
165 0.290957 -0.090440 -0.125158 0.346979 -0.098579 -0.125158 0.000000 0.000000 0.000000 -1.000000 1 1.839967445e-05
166 0.258326 -0.096111 -0.068336 0.362239 -0.110927 -0.068336 0.000000 0.000000 0.000000 -1.000000 1 2.141622826e-05
167 0.226576 -0.079765 -0.056126 0.376841 -0.102513 -0.056126 0.000000 0.000000 0.000000 -1.000000 1 2.026185393e-05
168 0.205613 -0.052802 0.027251 0.427204 -0.080296 0.027251 0.000000 0.000000 0.000000 -1.000000 1 1.953030005e-05
169 0.182058 -0.021120 0.046849 0.472356 -0.057076 0.046849 0.000000 0.000000 0.000000 -1.000000 1 1.949584112e-05
170 0.161872 0.005252 0.097366 0.534581 -0.037771 0.097366 0.000000 0.000000 0.000000 -1.000000 1 1.869397238e-05
171 0.142222 0.034061 0.120922 0.600570 -0.020932 0.120922 0.000000 0.000000 0.000000 -1.000000 1 1.874379814e-05
172 0.126324 0.056213 0.142214 0.679257 -0.018742 0.142214 0.000000 0.000000 0.000000 -1.000000 1 1.897569746e-05
173 0.114090 0.083691 0.164339 0.767607 -0.015099 0.164339 0.000000 0.000000 0.000000 -1.000000 1 2.009700984e-05
174 0.105593 0.107908 0.179155 0.859633 -0.029865 0.179155 0.000000 0.000000 0.000000 -1.000000 1 2.248259261e-05
175 0.102887 0.139787 0.207496 0.963713 -0.039932 0.207496 0.000000 0.000000 0.000000 -1.000000 1 1.860689372e-05
176 0.105671 0.173461 0.221245 1.063520 -0.073332 0.221245 0.000000 0.000000 0.000000 -1.000000 1 1.765135676e-05
177 0.118855 0.216687 0.253264 1.180045 -0.100914 0.253264 0.000000 0.000000 0.000000 -1.000000 1 1.853890717e-05
178 0.140119 0.266886 0.284644 1.279387 -0.146104 0.284644 0.000000 0.000000 0.000000 -1.000000 1 5.438923836e-06
179 0.169793 0.300000 0.316066 1.399941 -0.195458 0.316066 0.000000 0.000000 0.000000 -1.000000 1 1.711910591e-05
180 0.187874 0.300000 0.379278 1.493592 -0.247776 0.379278 0.000000 0.000000 0.000000 -1.000000 1 1.845275983e-05
181 0.226470 0.300001 0.364213 1.593130 -0.350184 0.364213 0.000000 0.000000 0.000000 -1.000000 1 1.787766814e-05
182 0.265519 0.300000 0.424759 1.675111 -0.421012 0.424759 0.000000 0.000000 0.000000 -1.000000 1 1.929979771e-05
183 0.320585 0.299999 0.401543 1.738269 -0.534230 0.401543 0.000000 0.000000 0.000000 -1.000000 1 1.934170723e-05
184 0.387987 0.300001 0.463319 1.792486 -0.602502 0.463319 0.000000 0.000000 0.000000 -1.000000 1 2.599926665e-05
185 0.499922 0.300031 0.441879 1.808923 -0.714151 0.441879 0.000000 0.000000 0.000000 -1.000000 1 1.952424645e-05
186 0.717072 0.300037 0.487932 1.812835 -0.793642 0.487932 0.000000 0.000000 0.000000 -1.000000 1 1.967512071e-05
187 0.999968 0.224106 0.505036 1.769178 -0.867164 0.505036 0.000000 0.000000 0.000000 -1.000000 1 1.889932901e-05
188 0.999998 -0.037190 0.506516 1.651475 -0.967166 0.506516 0.000000 0.000000 0.000000 -1.000000 1 1.698220149e-05
189 0.999990 -0.300020 0.518947 1.455030 -1.008097 0.518947 0.000000 0.000000 0.000000 -1.000000 1 1.794099808e-05
190 1.000041 -0.299942 0.566133 1.320433 -0.945490 0.566133 0.000000 0.000000 0.000000 -1.000000 1 1.836707816e-05
191 0.999963 -0.300032 0.673791 1.134457 -0.788666 0.673791 0.000000 0.000000 0.000000 -1.000000 1 1.383014023e-05
192 1.000003 -0.299998 0.712185 1.007751 -0.620407 0.712185 0.000000 0.000000 0.000000 -1.000000 1 1.886626706e-05
193 0.999999 -0.236609 0.999999 1.087906 -0.236610 1.182623 0.000000 0.000000 0.000000 -1.000000 1 1.866929233e-05
194 1.000001 0.115194 1.000001 1.074039 0.115198 1.526083 0.000000 0.000000 0.000000 -1.000000 1 1.968117431e-05
195 0.917173 0.300000 1.000000 0.917182 0.302134 1.588850 0.000000 0.000000 0.000000 -1.000000 1 2.711592242e-05
196 0.742003 0.300000 1.000000 0.741881 0.527510 1.698665 0.000000 0.000000 0.000000 -1.000000 1 2.564722672e-05
197 0.669653 0.300000 1.000000 0.669569 0.673496 1.591413 0.000000 0.000000 0.000000 -1.000000 1 3.819400445e-05
198 0.592261 0.300000 1.000000 0.592074 0.845348 1.594111 0.000000 0.000000 0.000000 -1.000000 1 2.599880099e-05
199 0.683239 0.299999 1.000000 0.683442 0.965186 1.496821 0.000000 0.000000 0.000000 -1.000000 1 2.466095611e-05
200 0.716347 0.299999 1.000000 0.716474 1.072679 1.518799 0.000000 0.000000 0.000000 -1.000000 1 2.701533958e-05
201 0.845357 0.299999 1.000000 0.845493 1.111419 1.319126 0.000000 0.000000 0.000000 -1.000000 1 2.628564835e-05
202 0.905398 0.300000 1.000000 0.905426 1.150329 1.217438 0.000000 0.000000 0.000000 -1.000000 1 2.554571256e-05
203 1.000001 0.299999 0.988626 1.051746 1.107530 0.988626 0.000000 0.000000 0.000000 -1.000000 1 2.704700455e-05
204 1.000001 0.299999 0.908803 1.075853 1.101486 0.908803 0.000000 0.000000 0.000000 -1.000000 1 2.676434815e-05
205 1.000002 0.299999 0.781156 1.105376 1.062859 0.781156 0.000000 0.000000 0.000000 -1.000000 1 2.608215436e-05
206 1.000000 0.300000 0.714751 1.056456 1.036746 0.714751 0.000000 0.000000 0.000000 -1.000000 1 2.610171214e-05
207 0.943800 0.300000 0.783086 0.943799 1.071239 0.783086 0.000000 0.000000 0.000000 -1.000000 1 2.029119059e-05
208 0.825908 0.300000 0.854261 0.825906 1.090291 0.854261 0.000000 0.000000 0.000000 -1.000000 1 2.188328654e-05
209 0.753884 0.300000 0.901694 0.753881 1.129218 0.901694 0.000000 0.000000 0.000000 -1.000000 1 2.035684884e-05
