9 0.429221 0.009103 -0.051933 0.429222 0.009143 -0.051933 0.000000 0.000000 0.000000 -1.000000 1
10 0.431871 0.009580 0.150927 0.431872 0.009605 0.150927 0.000000 0.000000 0.000000 -1.000000 1
11 0.569262 0.082512 0.682403 0.569262 0.082512 0.682403 0.000000 0.000000 0.000000 -1.000000 1
12 0.643329 0.111888 0.740630 0.643328 0.111888 0.740630 0.000000 0.000000 0.000000 -1.000000 1
13 0.633400 0.137387 0.669104 0.633400 0.137387 0.669104 0.000000 0.000000 0.000000 -1.000000 1
14 0.598491 0.200192 0.645761 0.598491 0.200192 0.645761 0.000000 0.000000 0.000000 -1.000000 1
15 0.629243 0.249150 0.643630 0.629242 0.249150 0.643630 0.000000 0.000000 0.000000 -1.000000 1
16 0.623643 0.299308 0.697009 0.623643 0.299308 0.697009 0.000000 0.000000 0.000000 -1.000000 1
17 0.669627 0.292333 0.603265 0.669626 0.292333 0.603265 0.000000 0.000000 0.000000 -1.000000 1
18 0.653102 0.300008 0.682193 0.653113 0.313627 0.682193 0.000000 0.000000 0.000000 -1.000000 1
19 0.641383 0.272681 0.556425 0.661428 0.288669 0.556425 0.000000 0.000000 0.000000 -1.000000 1
20 0.587418 0.260699 0.546999 0.612741 0.279223 0.546999 0.000000 0.000000 0.000000 -1.000000 1
21 0.562708 0.197099 0.406624 0.605086 0.221436 0.406624 0.000000 0.000000 0.000000 -1.000000 1
22 0.520035 0.169613 0.362591 0.573457 0.196132 0.362591 0.000000 0.000000 0.000000 -1.000000 1
23 0.495062 0.120566 0.270576 0.593163 0.158709 0.270576 0.000000 0.000000 0.000000 -1.000000 1
24 0.455591 0.105147 0.339273 0.581328 0.152289 0.339273 0.000000 0.000000 0.000000 -1.000000 1
25 0.416168 0.089292 0.305210 0.580619 0.140834 0.305210 0.000000 0.000000 0.000000 -1.000000 1
26 0.372094 0.088262 0.329187 0.570761 0.145125 0.329187 0.000000 0.000000 0.000000 -1.000000 1
27 0.336189 0.082803 0.302717 0.591946 0.142609 0.302717 0.000000 0.000000 0.000000 -1.000000 1
28 0.298955 0.080846 0.321935 0.609719 0.144012 0.321935 0.000000 0.000000 0.000000 -1.000000 1
29 0.267420 0.081805 0.302252 0.651004 0.141688 0.302252 0.000000 0.000000 0.000000 -1.000000 1
30 0.236952 0.081548 0.307887 0.695270 0.135293 0.307887 0.000000 0.000000 0.000000 -1.000000 1
31 0.210598 0.091252 0.301572 0.756382 0.133611 0.301572 0.000000 0.000000 0.000000 -1.000000 1
32 0.186986 0.098016 0.304011 0.822885 0.120586 0.304011 0.000000 0.000000 0.000000 -1.000000 1
33 0.167948 0.115048 0.296701 0.902365 0.110419 0.296701 0.000000 0.000000 0.000000 -1.000000 1
34 0.152280 0.131264 0.294072 0.983945 0.085981 0.294072 0.000000 0.000000 0.000000 -1.000000 1
35 0.143386 0.156899 0.290220 1.078827 0.062913 0.290220 0.000000 0.000000 0.000000 -1.000000 1
36 0.138840 0.185471 0.290533 1.168779 0.025196 0.290533 0.000000 0.000000 0.000000 -1.000000 1
37 0.145109 0.223920 0.295131 1.275853 -0.009700 0.295131 0.000000 0.000000 0.000000 -1.000000 1
38 0.158192 0.269113 0.308781 1.366176 -0.058920 0.308781 0.000000 0.000000 0.000000 -1.000000 1
39 0.181881 0.300003 0.311084 1.475943 -0.114899 0.311084 0.000000 0.000000 0.000000 -1.000000 1
40 0.196640 0.299997 0.344602 1.557132 -0.171788 0.344602 0.000000 0.000000 0.000000 -1.000000 1
41 0.230155 0.299987 0.306565 1.648132 -0.273869 0.306565 0.000000 0.000000 0.000000 -1.000000 1
42 0.262733 0.299981 0.333352 1.716084 -0.346450 0.333352 0.000000 0.000000 0.000000 -1.000000 1
43 0.302570 0.300028 0.307844 1.779385 -0.434856 0.307844 0.000000 0.000000 0.000000 -1.000000 1
44 0.354627 0.300023 0.333350 1.822978 -0.501249 0.333350 0.000000 0.000000 0.000000 -1.000000 1
45 0.424950 0.300072 0.299752 1.849668 -0.589436 0.299752 0.000000 0.000000 0.000000 -1.000000 1
46 0.000000 0.000000 0.000000 1.857652 -0.655614 0.316520 0.000000 0.000000 0.000000 -1.000000 0
47 0.635896 0.166347 0.040988 1.752919 -0.961357 0.040988 0.000000 0.000000 0.000000 -1.000000 1
48 0.660511 0.053677 -0.058084 1.704787 -1.109550 -0.058084 0.000000 0.000000 0.000000 -1.000000 1
49 0.690495 -0.040077 -0.023914 1.678146 -1.124431 -0.023914 0.000000 0.000000 0.000000 -1.000000 1
50 0.760117 -0.203732 -0.009149 1.581427 -1.165933 -0.009149 0.000000 0.000000 0.000000 -1.000000 1
51 0.794194 -0.300078 -0.046118 1.413318 -1.192202 -0.046118 0.000000 0.000000 0.000000 -1.000000 1
52 0.836814 -0.300016 0.020744 1.321381 -1.114128 0.020744 0.000000 0.000000 0.000000 -1.000000 1
53 0.832952 -0.299929 0.011735 1.143301 -1.045652 0.011735 0.000000 0.000000 0.000000 -1.000000 1
54 0.779307 -0.300068 0.087032 1.043680 -0.906795 0.087032 0.000000 0.000000 0.000000 -1.000000 1
55 0.719982 -0.299971 0.100950 0.903391 -0.793865 0.100950 0.000000 0.000000 0.000000 -1.000000 1
56 0.682160 -0.299800 0.238637 0.828777 -0.628408 0.238637 0.000000 0.000000 0.000000 -1.000000 1
57 0.613276 -0.299992 0.153116 0.651834 -0.538882 0.153116 0.000000 0.000000 0.000000 -1.000000 1
58 0.581180 -0.300018 0.224449 0.581173 -0.380197 0.224449 0.000000 0.000000 0.000000 -1.000000 1
59 0.464315 -0.262825 0.146041 0.464315 -0.262825 0.146041 0.000000 0.000000 0.000000 -1.000000 1
60 0.423583 -0.102311 0.268037 0.423534 -0.102198 0.268037 0.000000 0.000000 0.000000 -1.000000 1
61 0.349069 0.003394 0.191806 0.349012 0.003483 0.191806 0.000000 0.000000 0.000000 -1.000000 1
62 0.325466 0.107525 0.237430 0.325458 0.107594 0.237430 0.000000 0.000000 0.000000 -1.000000 1
63 0.330677 0.167857 0.198528 0.330694 0.167906 0.198528 0.000000 0.000000 0.000000 -1.000000 1
64 0.320057 0.179646 0.195636 0.330571 0.181872 0.195636 0.000000 0.000000 0.000000 -1.000000 1
65 0.301979 0.154686 0.103761 0.368447 0.166459 0.103761 0.000000 0.000000 0.000000 -1.000000 1
66 0.278177 0.112924 0.079587 0.386662 0.130918 0.079587 0.000000 0.000000 0.000000 -1.000000 1
67 0.257021 0.077769 -0.003216 0.422132 0.099692 -0.003216 0.000000 0.000000 0.000000 -1.000000 1
68 0.231597 0.037167 -0.039822 0.449178 0.062766 -0.039822 0.000000 0.000000 0.000000 -1.000000 1
69 0.207588 0.009613 -0.090161 0.491672 0.039545 -0.090161 0.000000 0.000000 0.000000 -1.000000 1
70 0.182790 -0.021040 -0.118031 0.535029 0.015070 -0.118031 0.000000 0.000000 0.000000 -1.000000 1
71 0.161147 -0.041797 -0.143739 0.592886 0.006001 -0.143739 0.000000 0.000000 0.000000 -1.000000 1
72 0.142478 -0.066607 -0.164382 0.661063 -0.003499 -0.164382 0.000000 0.000000 0.000000 -1.000000 1
73 0.127467 -0.086189 -0.183900 0.739006 0.002182 -0.183900 0.000000 0.000000 0.000000 -1.000000 1
74 0.118295 -0.111838 -0.194098 0.829842 0.010964 -0.194098 0.000000 0.000000 0.000000 -1.000000 1
75 0.112338 -0.137980 -0.215240 0.921973 0.030466 -0.215240 0.000000 0.000000 0.000000 -1.000000 1
76 0.115829 -0.171842 -0.226901 1.028551 0.055991 -0.226901 0.000000 0.000000 0.000000 -1.000000 1
77 0.122005 -0.211804 -0.272002 1.126959 0.081394 -0.272002 0.000000 0.000000 0.000000 -1.000000 1
78 0.150070 -0.257085 -0.258333 1.243042 0.143838 -0.258333 0.000000 0.000000 0.000000 -1.000000 1
79 0.169329 -0.300014 -0.345092 1.339712 0.165383 -0.345092 0.000000 0.000000 0.000000 -1.000000 1
80 0.210697 -0.299987 -0.286038 1.448479 0.287047 -0.286038 0.000000 0.000000 0.000000 -1.000000 1
81 0.222148 -0.299972 -0.426470 1.542391 0.293785 -0.426470 0.000000 0.000000 0.000000 -1.000000 1
82 0.284288 -0.299983 -0.343309 1.613563 0.452981 -0.343309 0.000000 0.000000 0.000000 -1.000000 1
83 0.324686 -0.299931 -0.450355 1.687132 0.488341 -0.450355 0.000000 0.000000 0.000000 -1.000000 1
84 0.426238 -0.299993 -0.382374 1.711396 0.643858 -0.382374 0.000000 0.000000 0.000000 -1.000000 1
85 0.549690 -0.299949 -0.458792 1.737869 0.700117 -0.458792 0.000000 0.000000 0.000000 -1.000000 1
86 0.912825 -0.300058 -0.412596 1.697843 0.834500 -0.412596 0.000000 0.000000 0.000000 -1.000000 1
87 1.000004 -0.081393 -0.436154 1.607792 0.927591 -0.436154 0.000000 0.000000 0.000000 -1.000000 1
88 0.999997 0.254922 -0.424340 1.413373 1.010685 -0.424340 0.000000 0.000000 0.000000 -1.000000 1
89 0.999885 0.299980 -0.310308 1.114509 1.121606 -0.310308 0.000000 0.000000 0.000000 -1.000000 1
90 0.736194 0.300031 -0.119051 0.736173 1.162133 -0.119051 0.000000 0.000000 0.000000 -1.000000 1
91 0.544887 0.300004 -0.133167 0.544892 1.073689 -0.133167 0.000000 0.000000 0.000000 -1.000000 1
92 0.500272 0.299996 -0.288558 0.500227 0.960199 -0.288558 0.000000 0.000000 0.000000 -1.000000 1
93 0.535331 0.300018 -0.501690 0.535396 0.798249 -0.501690 0.000000 0.000000 0.000000 -1.000000 1
94 0.490437 0.300032 -0.617353 0.490475 0.631421 -0.617353 0.000000 0.000000 0.000000 -1.000000 1
95 0.494615 0.300010 -0.728590 0.494671 0.439560 -0.728590 0.000000 0.000000 0.000000 -1.000000 1
96 0.501890 0.219719 -0.913721 0.501855 0.219703 -0.913721 0.000000 0.000000 0.000000 -1.000000 1
97 0.520626 -0.036701 -0.957774 0.520626 -0.036701 -0.957774 0.000000 0.000000 0.000000 -1.000000 1
98 0.615038 -0.260048 -1.000003 0.615038 -0.260048 -1.067592 0.000000 0.000000 0.000000 -1.000000 1
99 0.657640 -0.300005 -1.000000 0.657603 -0.426919 -1.097195 0.000000 0.000000 0.000000 -1.000000 1
100 0.766416 -0.299962 -0.950334 0.766488 -0.486245 -0.950334 0.000000 0.000000 0.000000 -1.000000 1
101 0.776902 -0.300002 -1.000000 0.776902 -0.571198 -1.022861 0.000000 0.000000 0.000000 -1.000000 1
102 0.856938 -0.299992 -0.777595 0.856950 -0.517449 -0.777595 0.000000 0.000000 0.000000 -1.000000 1
103 0.832458 -0.299914 -0.750101 0.832448 -0.518809 -0.750101 0.000000 0.000000 0.000000 -1.000000 1
104 0.844174 -0.300026 -0.592331 0.844150 -0.459432 -0.592331 0.000000 0.000000 0.000000 -1.000000 1
105 0.784496 -0.300037 -0.599263 0.784476 -0.443894 -0.599263 0.000000 0.000000 0.000000 -1.000000 1
106 0.771717 -0.299920 -0.504512 0.771717 -0.376101 -0.504512 0.000000 0.000000 0.000000 -1.000000 1
107 0.686331 -0.300073 -0.555001 0.686314 -0.341493 -0.555001 0.000000 0.000000 0.000000 -1.000000 1
108 0.624747 -0.257809 -0.475496 0.624747 -0.257809 -0.475496 0.000000 0.000000 0.000000 -1.000000 1
109 0.554167 -0.223023 -0.539472 0.554167 -0.223023 -0.539472 0.000000 0.000000 0.000000 -1.000000 1
110 0.564895 -0.166846 -0.252078 0.564895 -0.166846 -0.252079 0.000000 0.000000 0.000000 -1.000000 1
111 0.563531 -0.159924 -0.486854 0.563531 -0.159924 -0.486853 0.000000 0.000000 0.000000 -1.000000 1
112 0.580891 -0.155681 -0.466821 0.580891 -0.155681 -0.466822 0.000000 0.000000 0.000000 -1.000000 1
113 0.588414 -0.178660 -0.561279 0.588414 -0.178660 -0.561278 0.000000 0.000000 0.000000 -1.000000 1
114 0.593310 -0.202851 -0.530760 0.593310 -0.202851 -0.530760 0.000000 0.000000 0.000000 -1.000000 1
115 0.583859 -0.254155 -0.635349 0.583859 -0.254155 -0.635349 0.000000 0.000000 0.000000 -1.000000 1
116 0.622230 -0.261829 -0.555254 0.622230 -0.261829 -0.555254 0.000000 0.000000 0.000000 -1.000000 1
117 0.605446 -0.296108 -0.673356 0.605446 -0.296108 -0.673356 0.000000 0.000000 0.000000 -1.000000 1
118 0.628661 -0.261052 -0.525816 0.628661 -0.261052 -0.525816 0.000000 0.000000 0.000000 -1.000000 1
119 0.586130 -0.255092 -0.572982 0.586130 -0.255092 -0.572982 0.000000 0.000000 0.000000 -1.000000 1
120 0.582983 -0.185738 -0.386206 0.582983 -0.185738 -0.386207 0.000000 0.000000 0.000000 -1.000000 1
121 0.545609 -0.171007 -0.427417 0.545609 -0.171007 -0.427417 0.000000 0.000000 0.000000 -1.000000 1
122 0.520661 -0.130958 -0.320027 0.537939 -0.138668 -0.320027 0.000000 0.000000 0.000000 -1.000000 1
123 0.475264 -0.124377 -0.368617 0.513265 -0.140573 -0.368617 0.000000 0.000000 0.000000 -1.000000 1
124 0.439249 -0.100473 -0.299979 0.518237 -0.127578 -0.299979 0.000000 0.000000 0.000000 -1.000000 1
125 0.397232 -0.097975 -0.355018 0.512690 -0.135950 -0.355018 0.000000 0.000000 0.000000 -1.000000 1
126 0.360341 -0.092492 -0.321368 0.529677 -0.138696 -0.321368 0.000000 0.000000 0.000000 -1.000000 1
127 0.322577 -0.092648 -0.359161 0.545918 -0.148980 -0.359161 0.000000 0.000000 0.000000 -1.000000 1
128 0.290483 -0.094390 -0.334760 0.585592 -0.154708 -0.334760 0.000000 0.000000 0.000000 -1.000000 1
129 0.259836 -0.093422 -0.359378 0.629205 -0.158339 -0.359378 0.000000 0.000000 0.000000 -1.000000 1
130 0.233581 -0.098407 -0.333517 0.690020 -0.156614 -0.333517 0.000000 0.000000 0.000000 -1.000000 1
131 0.209218 -0.100677 -0.345939 0.755815 -0.150555 -0.345939 0.000000 0.000000 0.000000 -1.000000 1
132 0.189707 -0.110576 -0.313051 0.835234 -0.135431 -0.313051 0.000000 0.000000 0.000000 -1.000000 1
133 0.171307 -0.120741 -0.322041 0.915581 -0.119389 -0.322041 0.000000 0.000000 0.000000 -1.000000 1
134 0.159874 -0.138590 -0.291622 1.008977 -0.090437 -0.291622 0.000000 0.000000 0.000000 -1.000000 1
135 0.148778 -0.160111 -0.310407 1.097878 -0.067490 -0.310407 0.000000 0.000000 0.000000 -1.000000 1
136 0.148854 -0.188593 -0.283534 1.200779 -0.022925 -0.283534 0.000000 0.000000 0.000000 -1.000000 1
137 0.148184 -0.225287 -0.321795 1.291340 0.003089 -0.321795 0.000000 0.000000 0.000000 -1.000000 1
138 0.167284 -0.267154 -0.292400 1.398224 0.068824 -0.292400 0.000000 0.000000 0.000000 -1.000000 1
139 0.175368 -0.300047 -0.367003 1.483903 0.085728 -0.367003 0.000000 0.000000 0.000000 -1.000000 1
140 0.208873 -0.300104 -0.287723 1.583023 0.209724 -0.287723 0.000000 0.000000 0.000000 -1.000000 1
141 0.213246 -0.300151 -0.393930 1.662364 0.211961 -0.393930 0.000000 0.000000 0.000000 -1.000000 1
142 0.263343 -0.300028 -0.282813 1.730821 0.373754 -0.282813 0.000000 0.000000 0.000000 -1.000000 1
143 0.286643 -0.300119 -0.362572 1.795379 0.395612 -0.362572 0.000000 0.000000 0.000000 -1.000000 1
144 0.354056 -0.299962 -0.270656 1.830095 0.544552 -0.270656 0.000000 0.000000 0.000000 -1.000000 1
145 0.409155 -0.299973 -0.338828 1.865457 0.569443 -0.338828 0.000000 0.000000 0.000000 -1.000000 1
146 0.561476 -0.299938 -0.231344 1.843607 0.727673 -0.231344 0.000000 0.000000 0.000000 -1.000000 1
147 0.621373 -0.214690 -0.243634 1.804083 0.799008 -0.243634 0.000000 0.000000 0.000000 -1.000000 1
148 0.675379 -0.034609 -0.039675 1.643754 1.032495 -0.039675 0.000000 0.000000 0.000000 -1.000000 1
149 0.739325 0.145295 0.018359 1.510430 1.126420 0.018359 0.000000 0.000000 0.000000 -1.000000 1
150 0.783197 0.299984 0.110674 1.348729 1.205076 0.110674 0.000000 0.000000 0.000000 -1.000000 1
151 0.759332 0.300030 0.120145 1.217421 1.222318 0.120145 0.000000 0.000000 0.000000 -1.000000 1
152 0.739089 0.299830 0.184889 1.027221 1.221904 0.184889 0.000000 0.000000 0.000000 -1.000000 1
153 0.807337 0.299934 0.049288 1.004890 1.094804 0.049288 0.000000 0.000000 0.000000 -1.000000 1
154 0.750966 0.300017 -0.086364 0.917282 0.952063 -0.086364 0.000000 0.000000 0.000000 -1.000000 1
155 0.699846 0.300019 -0.183287 0.818585 0.813914 -0.183287 0.000000 0.000000 0.000000 -1.000000 1
156 0.647549 0.299969 -0.250034 0.691686 0.670621 -0.250034 0.000000 0.000000 0.000000 -1.000000 1
157 0.584582 0.300009 -0.253045 0.584579 0.528537 -0.253045 0.000000 0.000000 0.000000 -1.000000 1
158 0.516233 0.300002 -0.310953 0.516232 0.382177 -0.310953 0.000000 0.000000 0.000000 -1.000000 1
159 0.463254 0.232731 -0.330321 0.463253 0.232732 -0.330321 0.000000 0.000000 0.000000 -1.000000 1
160 0.384549 0.081563 -0.318446 0.384547 0.081559 -0.318446 0.000000 0.000000 0.000000 -1.000000 1
161 0.343885 -0.065501 -0.324556 0.343884 -0.065505 -0.324556 0.000000 0.000000 0.000000 -1.000000 1
162 0.327441 -0.164539 -0.296609 0.327441 -0.164542 -0.296609 0.000000 0.000000 0.000000 -1.000000 1
163 0.318399 -0.207541 -0.272577 0.318399 -0.207542 -0.272577 0.000000 0.000000 0.000000 -1.000000 1
164 0.330854 -0.185614 -0.135503 0.373821 -0.193151 -0.135503 0.000000 0.000000 0.000000 -1.000000 1
165 0.304359 -0.153349 -0.146983 0.387084 -0.168554 -0.146983 0.000000 0.000000 0.000000 -1.000000 1
166 0.290082 -0.105796 -0.007070 0.430542 -0.122483 -0.007070 0.000000 0.000000 0.000000 -1.000000 1
167 0.263299 -0.064820 -0.002929 0.449625 -0.086608 -0.002929 0.000000 0.000000 0.000000 -1.000000 1
168 0.239724 -0.030012 0.082296 0.487481 -0.050788 0.082296 0.000000 0.000000 0.000000 -1.000000 1
169 0.212678 0.001923 0.091852 0.519078 -0.024472 0.091852 0.000000 0.000000 0.000000 -1.000000 1
170 0.188301 0.024710 0.129677 0.566202 -0.007124 0.129677 0.000000 0.000000 0.000000 -1.000000 1
171 0.165446 0.049455 0.142129 0.620264 0.006301 0.142129 0.000000 0.000000 0.000000 -1.000000 1
172 0.146061 0.066872 0.157113 0.686318 0.004477 0.157113 0.000000 0.000000 0.000000 -1.000000 1
173 0.131444 0.090800 0.172259 0.765725 0.004604 0.172259 0.000000 0.000000 0.000000 -1.000000 1
174 0.120398 0.111613 0.183427 0.848908 -0.013137 0.183427 0.000000 0.000000 0.000000 -1.000000 1
175 0.115120 0.141488 0.210263 0.945218 -0.023982 0.210263 0.000000 0.000000 0.000000 -1.000000 1
176 0.115762 0.173210 0.223394 1.038695 -0.057830 0.223394 0.000000 0.000000 0.000000 -1.000000 1
177 0.127905 0.214916 0.249712 1.150456 -0.088391 0.249712 0.000000 0.000000 0.000000 -1.000000 1
178 0.148407 0.263977 0.279866 1.245928 -0.134338 0.279866 0.000000 0.000000 0.000000 -1.000000 1
179 0.178502 0.300057 0.312053 1.362861 -0.182214 0.312053 0.000000 0.000000 0.000000 -1.000000 1
180 0.196869 0.300077 0.376538 1.453360 -0.233346 0.376538 0.000000 0.000000 0.000000 -1.000000 1
181 0.236373 0.300016 0.361530 1.549893 -0.334054 0.361530 0.000000 0.000000 0.000000 -1.000000 1
182 0.277640 0.299988 0.422598 1.628723 -0.403916 0.422598 0.000000 0.000000 0.000000 -1.000000 1
183 0.335587 0.299991 0.402769 1.690056 -0.511365 0.402769 0.000000 0.000000 0.000000 -1.000000 1
184 0.410580 0.300061 0.465457 1.740768 -0.577525 0.465457 0.000000 0.000000 0.000000 -1.000000 1
185 0.539322 0.299964 0.445931 1.753346 -0.683241 0.445931 0.000000 0.000000 0.000000 -1.000000 1
186 0.820991 0.299935 0.488256 1.749060 -0.763818 0.488256 0.000000 0.000000 0.000000 -1.000000 1
187 0.999983 0.162315 0.518973 1.700282 -0.825691 0.518973 0.000000 0.000000 0.000000 -1.000000 1
188 0.999985 -0.125708 0.512560 1.565072 -0.926440 0.512560 0.000000 0.000000 0.000000 -1.000000 1
189 0.999974 -0.299957 0.474827 1.342025 -0.986939 0.474827 0.000000 0.000000 0.000000 -1.000000 1
190 1.000034 -0.299998 0.402420 1.203855 -0.978038 0.402420 0.000000 0.000000 0.000000 -1.000000 1
191 1.000028 -0.299991 0.480112 1.131176 -0.913727 0.480112 0.000000 0.000000 0.000000 -1.000000 1
192 0.999965 -0.299993 0.539342 1.053691 -0.812838 0.539342 0.000000 0.000000 0.000000 -1.000000 1
193 0.974825 -0.300011 0.636391 0.974922 -0.694815 0.636391 0.000000 0.000000 0.000000 -1.000000 1
194 0.869989 -0.299996 0.739491 0.869856 -0.562966 0.739491 0.000000 0.000000 0.000000 -1.000000 1
195 0.641934 -0.299957 0.642062 0.641945 -0.466464 0.642062 0.000000 0.000000 0.000000 -1.000000 1
196 0.539910 -0.299930 0.561454 0.539923 -0.302815 0.561454 0.000000 0.000000 0.000000 -1.000000 1
197 0.627538 -0.070064 0.835419 0.627486 -0.070029 0.835419 0.000000 0.000000 0.000000 -1.000000 1
198 0.642918 0.103065 0.990913 0.642918 0.103065 0.990913 0.000000 0.000000 0.000000 -1.000000 1
199 0.619998 0.219612 0.927885 0.619998 0.219612 0.927885 0.000000 0.000000 0.000000 -1.000000 1
200 0.588227 0.299988 0.926508 0.588269 0.328082 0.926508 0.000000 0.000000 0.000000 -1.000000 1
201 0.655922 0.300111 0.802599 0.655831 0.362948 0.802599 0.000000 0.000000 0.000000 -1.000000 1
202 0.676870 0.300036 0.864116 0.676886 0.420773 0.864116 0.000000 0.000000 0.000000 -1.000000 1
203 0.753248 0.299898 0.726249 0.753245 0.416137 0.726249 0.000000 0.000000 0.000000 -1.000000 1
204 0.732317 0.299834 0.733689 0.732348 0.414584 0.733689 0.000000 0.000000 0.000000 -1.000000 1
205 0.706898 0.299708 0.616892 0.706930 0.362816 0.616892 0.000000 0.000000 0.000000 -1.000000 1
206 0.654768 0.299674 0.598731 0.654772 0.348453 0.598731 0.000000 0.000000 0.000000 -1.000000 1
207 0.667115 0.299606 0.568286 0.667128 0.330624 0.568286 0.000000 0.000000 0.000000 -1.000000 1
208 0.642157 0.299708 0.610372 0.642152 0.327795 0.610372 0.000000 0.000000 0.000000 -1.000000 1
209 0.667051 0.287870 0.553691 0.667051 0.287870 0.553691 0.000000 0.000000 0.000000 -1.000000 1
