9 0.429222 0.009143 -0.051933 0.429222 0.009143 -0.051933 0.000000 0.000000 0.000000 0.000000 1 9.200721979e-05
10 0.432084 0.009642 -0.051865 0.431872 0.009605 -0.051870 0.000000 0.000000 0.000000 0.000000 1 8.996017277e-05
11 0.583123 0.015980 0.017456 0.571739 0.089743 0.012317 0.000000 0.000000 0.000000 0.000004 1 2.827905118e-04
12 0.645022 0.020108 -0.004189 0.629977 0.137814 -0.007344 0.000000 0.000000 0.000000 0.000002 1 9.234435856e-05
13 0.637669 0.024008 -0.003240 0.626577 0.217576 -0.006232 0.000000 0.000000 0.000000 0.000003 1 2.762051299e-04
14 0.567506 0.028364 0.013512 0.563725 0.295350 0.009500 0.000000 0.000000 0.000000 0.000002 1 1.250179484e-04
15 0.468022 0.031441 -0.011027 0.471929 0.389934 -0.012923 0.000000 0.000000 0.000000 0.000003 1 3.876648843e-04
16 0.375251 0.034359 0.029364 0.385740 0.520657 0.024616 0.000000 0.000000 0.000000 0.000004 1 2.756211907e-04
17 0.327690 0.037186 -0.005150 0.340926 0.647926 -0.006990 0.000000 0.000000 0.000000 0.000004 1 9.400118142e-05
18 0.273661 0.039940 -0.002854 0.289918 0.780399 -0.004727 0.000000 0.000000 0.000000 0.000004 1 1.050857827e-04
19 0.243278 0.042634 -0.007629 0.260582 0.927623 -0.009010 0.000000 0.000000 0.000000 0.000005 1 3.849128261e-04
20 0.213020 0.045278 -0.007739 0.231284 1.067894 -0.009010 0.000000 0.000000 0.000000 0.000005 1 6.695743650e-05
21 0.189197 0.047879 0.000426 0.207872 1.223722 -0.001355 0.000000 0.000000 0.000000 0.000005 1 1.303618774e-04
22 0.160334 0.050441 0.002848 0.179764 1.370314 0.001020 0.000000 0.000000 0.000000 0.000005 1 1.240121201e-04
23 0.135720 0.052968 0.007154 0.155534 1.529405 0.005142 0.000000 0.000000 0.000000 0.000005 1 1.331334934e-04
24 0.105726 0.055462 0.006666 0.126294 1.679327 0.004839 0.000000 0.000000 0.000000 0.000005 1 1.250840724e-04
25 0.083362 0.057926 0.006804 0.104063 1.835729 0.005102 0.000000 0.000000 0.000000 0.000006 1 1.268377528e-04
26 0.054381 0.060361 0.004413 0.075696 1.985460 0.003014 0.000000 0.000000 0.000000 0.000006 1 1.248838380e-04
27 0.036129 0.062768 0.001811 0.057217 2.136478 0.000709 0.000000 0.000000 0.000000 0.000006 1 1.290738583e-04
28 0.008934 0.065149 -0.001219 0.030474 2.283009 -0.002015 0.000000 0.000000 0.000000 0.000006 1 4.144385457e-04
29 -0.002645 0.067504 -0.006453 0.018157 2.425956 -0.006802 0.000000 0.000000 0.000000 0.000006 1 1.234970987e-04
30 -0.030835 0.069834 -0.008055 -0.009486 2.565999 -0.008260 0.000000 0.000000 0.000000 0.000006 1 9.152572602e-05
31 -0.042522 0.072140 -0.011625 -0.021888 2.699226 -0.011551 0.000000 0.000000 0.000000 0.000006 1 9.196065366e-05
32 -0.075940 0.074422 -0.009326 -0.054359 2.832374 -0.009428 0.000000 0.000000 0.000000 0.000006 1 9.196251631e-05
33 -0.076826 0.076680 -0.016636 -0.056778 2.955452 -0.016188 0.000000 0.000000 0.000000 0.000006 1 9.163934737e-05
34 -0.105573 0.078915 -0.014234 -0.084881 3.080459 -0.013997 0.000000 0.000000 0.000000 0.000006 1 9.222235531e-05
35 -0.104966 0.081128 -0.018386 -0.085851 3.192589 -0.017860 0.000000 0.000000 0.000000 0.000006 1 9.177904576e-05
36 -0.132293 0.083318 -0.014223 -0.112570 3.307421 -0.014044 0.000000 0.000000 0.000000 0.000006 1 9.158812463e-05
37 -0.132940 0.085486 -0.015459 -0.114630 3.409157 -0.015202 0.000000 0.000000 0.000000 0.000006 1 7.991679013e-05
38 -0.155138 0.087632 -0.012381 -0.136540 3.515468 -0.012371 0.000000 0.000000 0.000000 0.000006 1 9.219069034e-05
39 -0.149675 0.089756 -0.014262 -0.132860 3.607894 -0.014113 0.000000 0.000000 0.000000 0.000006 1 2.012625337e-04
40 -0.166491 0.091859 -0.012385 -0.149676 3.705443 -0.012386 0.000000 0.000000 0.000000 0.000006 1 9.769387543e-05
41 -0.164515 0.093941 -0.011260 -0.149092 3.788951 -0.011344 0.000000 0.000000 0.000000 0.000006 1 9.282119572e-05
42 -0.182359 0.096002 -0.008109 -0.166757 3.877689 -0.008420 0.000000 0.000000 0.000000 0.000006 1 9.435508400e-05
43 -0.178508 0.098042 -0.007125 -0.164346 3.953553 -0.007486 0.000000 0.000000 0.000000 0.000006 1 2.159168944e-04
44 -0.190415 0.100062 -0.005889 -0.176421 4.034835 -0.006315 0.000000 0.000000 0.000000 0.000006 1 3.198143095e-04
45 -0.188606 0.102062 -0.002913 -0.175782 4.103606 -0.003528 0.000000 0.000000 0.000000 0.000006 1 1.254184172e-04
46 -0.200253 0.104041 -0.001011 -0.187516 4.177975 -0.001721 0.000000 0.000000 0.000000 0.000006 1 3.047483042e-04
47 -0.194436 0.106001 0.000651 -0.183074 4.241032 -0.000130 0.000000 0.000000 0.000000 0.000006 1 9.361840785e-05
48 -0.201427 0.107941 0.000922 -0.190388 4.309450 0.000179 0.000000 0.000000 0.000000 0.000006 1 4.257634282e-05
49 -0.202095 0.109862 0.005569 -0.191824 4.367240 0.004537 0.000000 0.000000 0.000000 0.000006 1 8.831080049e-05
50 -0.210010 0.111763 0.006163 -0.199914 4.430616 0.005164 0.000000 0.000000 0.000000 0.000006 1 1.301169395e-04
51 -0.201769 0.113645 0.007289 -0.193031 4.484501 0.006279 0.000000 0.000000 0.000000 0.000006 1 8.765421808e-05
52 -0.204512 0.115509 0.005915 -0.196218 4.543762 0.005082 0.000000 0.000000 0.000000 0.000006 1 1.310594380e-04
53 -0.206151 0.117354 0.010965 -0.198350 4.593694 0.009820 0.000000 0.000000 0.000000 0.000006 1 8.782837540e-05
54 -0.214470 0.119181 0.011613 -0.206631 4.648704 0.010505 0.000000 0.000000 0.000000 0.000006 1 8.719787002e-05
55 -0.207579 0.120989 0.013096 -0.200831 4.696539 0.011960 0.000000 0.000000 0.000000 0.000006 1 8.771289140e-05
56 -0.209389 0.122779 0.011375 -0.203007 4.749816 0.010451 0.000000 0.000000 0.000000 0.000006 1 9.132083505e-05
57 -0.205035 0.124551 0.014312 -0.199448 4.795223 0.013239 0.000000 0.000000 0.000000 0.000006 1 8.844211698e-05
58 -0.212098 0.126306 0.014660 -0.206402 4.845476 0.013641 0.000000 0.000000 0.000000 0.000006 1 8.825026453e-05
59 -0.209711 0.128043 0.017632 -0.204613 4.890244 0.016468 0.000000 0.000000 0.000000 0.000006 1 9.006820619e-05
60 -0.213390 0.129762 0.016185 -0.208397 4.941040 0.015214 0.000000 0.000000 0.000000 0.000006 1 1.313919201e-04
61 -0.199268 0.131465 0.015736 -0.195691 4.985064 0.014870 0.000000 0.000000 0.000000 0.000006 1 4.167482257e-05
62 -0.201556 0.133150 0.014358 -0.198075 5.033567 0.013659 0.000000 0.000000 0.000000 0.000006 1 4.145316780e-05
63 -0.211884 0.134819 0.021847 -0.207896 5.077416 0.020644 0.000000 0.000000 0.000000 0.000006 1 2.143066376e-05
64 -0.222374 0.136470 0.022906 -0.217904 5.127658 0.021714 0.000000 0.000000 0.000000 0.000006 1 8.607469499e-05
65 -0.192922 0.138106 0.017558 -0.190965 5.173758 0.016851 0.000000 0.000000 0.000000 0.000006 1 8.590053767e-05
66 -0.185781 0.139725 0.013673 -0.184498 5.224404 0.013306 0.000000 0.000000 0.000000 0.000006 1 8.618924767e-05
67 -0.210339 0.141327 0.026605 -0.207332 5.270298 0.025307 0.000000 0.000000 0.000000 0.000006 1 8.605606854e-05
68 -0.227055 0.142914 0.030045 -0.223032 5.323014 0.028588 0.000000 0.000000 0.000000 0.000006 1 8.593779057e-05
69 -0.185403 0.144485 0.021347 -0.184763 5.375000 0.020643 0.000000 0.000000 0.000000 0.000006 1 1.280596480e-04
70 -0.165157 0.146040 0.013661 -0.166064 5.431838 0.013578 0.000000 0.000000 0.000000 0.000006 1 8.716806769e-05
71 -0.194445 0.147580 0.028833 -0.193116 5.483494 0.027633 0.000000 0.000000 0.000000 0.000006 1 2.183578908e-05
72 -0.216079 0.149104 0.034041 -0.213246 5.541254 0.032544 0.000000 0.000000 0.000000 0.000006 1 2.148468047e-05
73 -0.178927 0.150615 0.026742 -0.179088 5.601978 0.025896 0.000000 0.000000 0.000000 0.000006 1 8.017197251e-05
74 -0.156193 0.152112 0.018661 -0.158154 5.668297 0.018477 0.000000 0.000000 0.000000 0.000006 1 8.611381054e-05
75 -0.164358 0.153535 0.028687 -0.166808 5.729962 0.027774 0.000000 0.000000 0.000000 0.000006 1 8.666608483e-05
76 -0.159206 0.154690 0.032308 -0.179394 5.795343 0.031194 0.000000 0.000000 0.000000 0.000005 1 1.279199496e-04
77 -0.114636 0.160301 0.045641 -0.204628 5.866297 0.043622 0.000000 0.000000 0.000000 0.000004 1 8.625537157e-05
78 -0.018332 0.175362 0.037260 -0.192796 5.940805 0.036011 0.000000 0.000000 0.000000 0.000003 1 1.274840906e-04
79 -0.066644 0.164396 0.080553 -0.316784 6.015581 0.076190 0.000000 0.000000 0.000000 0.000002 1 8.753035218e-05
80 -0.038607 0.166942 0.084361 -0.362758 6.091263 0.080039 0.000000 0.000000 0.000000 0.000001 1 9.267870337e-05
81 0.017143 0.173078 0.079262 -0.370493 6.187798 0.075638 0.000000 0.000000 0.000000 0.000000 1 4.104152322e-05
82 0.058286 0.176571 0.067646 -0.385551 6.278985 0.065151 0.000000 0.000000 0.000000 -0.000001 1 8.242204785e-05
83 0.058959 0.173830 0.072991 -0.435925 6.378006 0.070284 0.000000 0.000000 0.000000 -0.000001 1 8.381716907e-05
84 0.037315 0.167127 0.079307 -0.515875 6.468495 0.076333 0.000000 0.000000 0.000000 -0.000002 1 8.288398385e-05
85 0.118016 0.177984 0.060441 -0.498709 6.580529 0.059085 0.000000 0.000000 0.000000 -0.000003 1 8.305255324e-05
86 0.149589 0.181638 0.054660 -0.539350 6.683815 0.053832 0.000000 0.000000 0.000000 -0.000004 1 8.332449943e-05
87 0.149628 0.179318 0.069504 -0.626587 6.794162 0.067639 0.000000 0.000000 0.000000 -0.000005 1 8.235685527e-05
88 0.144827 0.175697 0.087714 -0.748296 6.889994 0.084638 0.000000 0.000000 0.000000 -0.000005 1 8.260458708e-05
89 0.268026 0.215243 0.079445 -0.766328 7.014411 0.077209 0.000000 0.000000 0.000000 -0.000005 1 7.257889956e-05
90 0.378865 0.262675 0.077745 -0.826092 7.120980 0.075801 0.000000 0.000000 0.000000 -0.000005 1 5.543231964e-05
91 0.384742 0.271382 0.128101 -1.055636 7.220239 0.122571 0.000000 0.000000 0.000000 -0.000003 1 8.286442608e-05
92 0.364160 0.266189 0.167738 -1.283454 7.292249 0.159681 0.000000 0.000000 0.000000 0.000000 1 8.273310959e-05
93 0.466010 0.283589 0.109228 -1.168620 7.445482 0.106102 0.000000 0.000000 0.000000 0.000002 1 6.973464042e-05
94 0.241898 0.283751 0.107978 -1.255055 7.545793 0.105176 0.000000 0.000000 0.000000 0.000001 1 7.710885257e-05
95 0.580755 0.294532 -0.021375 -0.852061 7.717244 -0.014388 0.000000 0.000000 0.000000 0.000001 1 8.275732398e-05
96 0.382071 0.300000 -0.015003 -0.929615 7.798869 -0.009005 0.000000 0.000000 0.000000 -0.000000 1 2.094265074e-05
97 0.542560 0.300000 -0.089303 -0.683852 7.914399 -0.078246 0.000000 0.000000 0.000000 -0.000000 1 8.311495185e-05
98 0.128895 0.300000 -0.020778 -0.976030 7.946140 -0.015616 0.000000 0.000000 0.000000 -0.000000 1 3.896839917e-05
99 0.583787 0.300000 -0.153048 -0.472988 8.031172 -0.138470 0.000000 0.000000 0.000000 -0.000000 1 2.444069833e-05
100 0.477954 0.300000 -0.146142 -0.492701 8.052008 -0.133156 0.000000 0.000000 0.000000 -0.000000 1 2.417247742e-05
101 0.418510 0.300000 -0.151152 -0.448077 8.065937 -0.138756 0.000000 0.000000 0.000000 -0.000000 1 9.784847498e-05
102 -0.077199 0.300000 -0.047792 -0.842875 8.015398 -0.043971 0.000000 0.000000 0.000000 -0.000000 1 4.047993571e-05
103 0.372705 0.300000 -0.158715 -0.369580 7.990566 -0.146960 0.000000 0.000000 0.000000 -0.000000 1 1.271441579e-04
104 0.443290 0.300000 -0.218466 -0.070693 7.947114 -0.203156 0.000000 0.000000 0.000000 -0.000001 1 7.868558168e-05
105 0.305553 0.300000 -0.164895 -0.160154 7.870070 -0.154688 0.000000 0.000000 0.000000 -0.000000 1 8.303672075e-05
106 -0.022325 0.300000 -0.073675 -0.429248 7.745588 -0.070981 0.000000 0.000000 0.000000 -0.000000 1 8.304230869e-05
107 0.255173 0.300000 -0.123693 -0.142163 7.629722 -0.117494 0.000000 0.000000 0.000000 -0.000000 1 7.329322398e-05
108 0.390876 0.293879 -0.143053 0.032461 7.511124 -0.135878 0.000000 0.000000 0.000000 -0.000000 1 8.308887482e-05
109 0.380737 0.300000 -0.108303 0.049623 7.367736 -0.104234 0.000000 0.000000 0.000000 -0.000000 1 8.399505168e-05
110 0.337559 0.300000 -0.081556 0.034170 7.187219 -0.079770 0.000000 0.000000 0.000000 -0.000000 1 9.252224118e-05
111 0.304172 0.300000 -0.060883 0.029896 7.026306 -0.060760 0.000000 0.000000 0.000000 -0.000000 1 8.368119597e-05
112 0.173195 0.300000 -0.019399 -0.070997 6.844110 -0.022358 0.000000 0.000000 0.000000 -0.000000 1 8.361507207e-05
113 0.460915 0.300000 -0.084796 0.213499 6.642410 -0.082692 0.000000 0.000000 0.000000 -0.000000 1 4.073046148e-05
114 0.587796 0.300000 -0.118741 0.349309 6.417867 -0.114278 0.000000 0.000000 0.000000 -0.000000 1 8.314382285e-05
115 0.549638 0.300000 -0.106733 0.331645 6.205584 -0.103490 0.000000 0.000000 0.000000 0.000000 1 8.421950042e-05
116 0.376490 0.300000 -0.071060 0.187473 5.968117 -0.070700 0.000000 0.000000 0.000000 -0.000000 1 8.418038487e-05
117 0.558381 0.299999 -0.153992 0.369893 5.725512 -0.147516 0.000000 0.000000 0.000000 -0.000000 1 8.304230869e-05
118 0.429217 0.300000 -0.145178 0.264430 5.477263 -0.139834 0.000000 0.000000 0.000000 -0.000000 1 8.392240852e-05
119 0.529264 0.299656 -0.211345 0.369626 5.204416 -0.201496 0.000000 0.000000 0.000000 -0.000000 1 2.055056393e-05
120 0.313741 0.300000 -0.183004 0.181970 4.922068 -0.175984 0.000000 0.000000 0.000000 -0.000000 1 7.728766650e-05
121 0.268644 0.299199 -0.213715 0.149420 4.620924 -0.204940 0.000000 0.000000 0.000000 -0.000000 1 1.273211092e-04
122 0.029351 0.284612 -0.163402 -0.065914 4.330250 -0.159004 0.000000 0.000000 0.000000 -0.000000 1 8.323136717e-05
123 -0.011523 0.269205 -0.169605 -0.096703 4.016308 -0.165073 0.000000 0.000000 0.000000 -0.000000 1 8.308980614e-05
124 -0.101762 0.239396 -0.141039 -0.179604 3.731060 -0.138958 0.000000 0.000000 0.000000 -0.000000 1 8.344836533e-05
125 -0.091849 0.197906 -0.126550 -0.164659 3.434001 -0.125697 0.000000 0.000000 0.000000 -0.000000 1 8.312799037e-05
126 -0.094443 0.157165 -0.106659 -0.161668 3.156568 -0.107343 0.000000 0.000000 0.000000 -0.000000 1 2.086907625e-05
127 -0.084809 0.113252 -0.078301 -0.147767 2.893730 -0.081034 0.000000 0.000000 0.000000 -0.000000 1 9.226333350e-05
128 -0.046034 0.077951 -0.085183 -0.107201 2.655082 -0.087205 0.000000 0.000000 0.000000 -0.000000 1 9.053945541e-05
129 -0.063819 0.049743 -0.053852 -0.119138 2.438065 -0.058044 0.000000 0.000000 0.000000 -0.000000 1 2.078898251e-05
130 -0.058874 0.028468 -0.058817 -0.110461 2.241453 -0.062331 0.000000 0.000000 0.000000 -0.000000 1 8.345674723e-05
131 -0.077345 0.011640 -0.048570 -0.123743 2.061947 -0.052583 0.000000 0.000000 0.000000 -0.000000 1 8.355639875e-05
132 -0.092775 -0.001364 -0.050841 -0.134593 1.898031 -0.054389 0.000000 0.000000 0.000000 -0.000000 1 4.066433758e-05
133 -0.116249 -0.019355 -0.041267 -0.153230 1.740677 -0.045261 0.000000 0.000000 0.000000 -0.000000 1 8.302740753e-05
134 -0.129092 -0.033309 -0.042859 -0.162383 1.597384 -0.046439 0.000000 0.000000 0.000000 -0.000000 1 1.271376386e-04
135 -0.141463 -0.056504 -0.041643 -0.171372 1.455115 -0.045048 0.000000 0.000000 0.000000 -0.000000 1 4.010461271e-05
136 -0.149643 -0.070452 -0.036628 -0.176730 1.330229 -0.040152 0.000000 0.000000 0.000000 -0.000000 1 8.331891149e-05
137 -0.160358 -0.093902 -0.036654 -0.184645 1.204761 -0.039915 0.000000 0.000000 0.000000 -0.000000 1 9.805522859e-05
138 -0.164935 -0.105510 -0.017530 -0.187084 1.097816 -0.021966 0.000000 0.000000 0.000000 0.000000 1 8.289981633e-05
139 -0.163358 -0.120499 -0.042402 -0.183983 0.994802 -0.044667 0.000000 0.000000 0.000000 0.000000 1 8.412450552e-05
140 -0.166687 -0.126750 -0.008752 -0.185538 0.906399 -0.013342 0.000000 0.000000 0.000000 0.000000 1 8.352193981e-05
141 -0.160344 -0.127578 -0.054702 -0.178268 0.829103 -0.055549 0.000000 0.000000 0.000000 0.000000 1 2.091191709e-05
142 -0.167436 -0.129533 -0.019645 -0.183474 0.752100 -0.023026 0.000000 0.000000 0.000000 0.000000 1 8.308608085e-05
143 -0.172543 -0.131246 -0.061634 -0.187014 0.684630 -0.061654 0.000000 0.000000 0.000000 0.000000 1 8.333660662e-05
144 -0.181662 -0.132934 -0.025571 -0.194385 0.613934 -0.028260 0.000000 0.000000 0.000000 0.000000 1 5.023181438e-05
145 -0.189315 -0.134604 -0.067432 -0.200529 0.553192 -0.066822 0.000000 0.000000 0.000000 0.000000 1 8.252728730e-05
146 -0.194787 -0.136258 -0.027862 -0.204765 0.488623 -0.030228 0.000000 0.000000 0.000000 0.000000 1 8.321553469e-05
147 -0.201437 -0.137896 -0.066755 -0.210183 0.433453 -0.066065 0.000000 0.000000 0.000000 0.000000 1 8.301995695e-05
148 -0.200335 -0.139517 -0.026753 -0.208515 0.374134 -0.029077 0.000000 0.000000 0.000000 0.000000 1 8.281413466e-05
149 -0.205902 -0.141122 -0.065308 -0.213063 0.324537 -0.064603 0.000000 0.000000 0.000000 0.000000 1 8.346699178e-05
150 -0.200451 -0.142710 -0.026370 -0.207486 0.270145 -0.028602 0.000000 0.000000 0.000000 0.000000 1 2.076011151e-05
151 -0.206361 -0.144283 -0.068511 -0.212437 0.226715 -0.067457 0.000000 0.000000 0.000000 0.000000 1 8.301716298e-05
152 -0.198942 -0.145841 -0.029189 -0.205118 0.176299 -0.031126 0.000000 0.000000 0.000000 0.000000 1 8.344091475e-05
153 -0.208466 -0.147382 -0.069418 -0.213479 0.136157 -0.068231 0.000000 0.000000 0.000000 0.000000 1 8.744653314e-05
154 -0.200767 -0.148908 -0.031635 -0.205979 0.088813 -0.033335 0.000000 0.000000 0.000000 0.000000 1 1.253876835e-04
155 -0.211451 -0.150419 -0.074628 -0.215485 0.052617 -0.073017 0.000000 0.000000 0.000000 0.000000 1 2.116430551e-05
156 -0.201535 -0.151915 -0.034770 -0.206004 0.007429 -0.036231 0.000000 0.000000 0.000000 0.000000 1 2.070702612e-05
157 -0.213842 -0.153396 -0.075092 -0.217070 -0.027577 -0.073457 0.000000 0.000000 0.000000 0.000000 1 6.882380694e-05
158 -0.202167 -0.154862 -0.036106 -0.206020 -0.071693 -0.037480 0.000000 0.000000 0.000000 0.000000 1 2.295337617e-05
159 -0.215440 -0.156313 -0.079340 -0.218024 -0.104891 -0.077410 0.000000 0.000000 0.000000 0.000000 1 1.109838486e-04
160 -0.199913 -0.157750 -0.036493 -0.203456 -0.147723 -0.037880 0.000000 0.000000 0.000000 0.000000 1 7.429253310e-05
161 -0.212359 -0.159173 -0.076513 -0.214718 -0.180062 -0.074833 0.000000 0.000000 0.000000 0.000000 1 1.273350790e-04
162 -0.196797 -0.160581 -0.041980 -0.200134 -0.222897 -0.042983 0.000000 0.000000 0.000000 0.000001 1 2.484582365e-05
163 -0.213085 -0.161975 -0.084010 -0.214968 -0.255319 -0.081825 0.000000 0.000000 0.000000 0.000000 1 1.266384497e-04
164 -0.195987 -0.163356 -0.048950 -0.198999 -0.299374 -0.049524 0.000000 0.000000 0.000000 0.000001 1 4.022195935e-05
165 -0.211882 -0.164703 -0.091246 -0.213529 -0.331236 -0.088644 0.000000 0.000000 0.000000 0.000000 1 2.263858914e-05
166 -0.180506 -0.170873 -0.051685 -0.194514 -0.377568 -0.052206 0.000000 0.000000 0.000000 0.000001 1 8.346978575e-05
167 -0.170815 -0.174339 -0.093593 -0.211413 -0.411398 -0.090971 0.000000 0.000000 0.000000 0.000000 1 8.357129991e-05
168 -0.124932 -0.209793 -0.057589 -0.195761 -0.461144 -0.057829 0.000000 0.000000 0.000000 0.000000 1 5.175266415e-05
169 -0.124017 -0.205939 -0.123452 -0.235822 -0.488689 -0.118795 0.000000 0.000000 0.000000 0.000000 1 7.444154471e-05
170 -0.086080 -0.234123 -0.082119 -0.231150 -0.538075 -0.080869 0.000000 0.000000 0.000000 -0.000000 1 5.098152906e-05
171 -0.104706 -0.210893 -0.164219 -0.295500 -0.553903 -0.156980 0.000000 0.000000 0.000000 -0.000000 1 8.366722614e-05
172 -0.068877 -0.237345 -0.094041 -0.297905 -0.608441 -0.092537 0.000000 0.000000 0.000000 -0.000001 1 8.306466043e-05
173 -0.086739 -0.214049 -0.154386 -0.365773 -0.628695 -0.148523 0.000000 0.000000 0.000000 -0.000001 1 4.180800170e-05
174 -0.046007 -0.245217 -0.078006 -0.368777 -0.693786 -0.078235 0.000000 0.000000 0.000000 -0.000001 1 7.557123899e-05
175 -0.067103 -0.217335 -0.153202 -0.447049 -0.714199 -0.147844 0.000000 0.000000 0.000000 -0.000002 1 3.033503890e-05
176 -0.022983 -0.254171 -0.081925 -0.450121 -0.784439 -0.082244 0.000000 0.000000 0.000000 -0.000002 1 2.200156450e-05
177 -0.041103 -0.227150 -0.158317 -0.535711 -0.807254 -0.152954 0.000000 0.000000 0.000000 -0.000003 1 3.551226109e-05
178 0.010024 -0.277052 -0.086093 -0.537458 -0.887144 -0.086476 0.000000 0.000000 0.000000 -0.000003 1 3.639981151e-05
179 -0.006803 -0.248201 -0.179550 -0.637700 -0.905383 -0.172982 0.000000 0.000000 0.000000 -0.000004 1 3.296602517e-05
180 0.051209 -0.300000 -0.098873 -0.634916 -0.994777 -0.098768 0.000000 0.000000 0.000000 -0.000003 1 8.351355791e-05
181 0.042789 -0.281374 -0.199456 -0.748588 -1.008164 -0.191908 0.000000 0.000000 0.000000 -0.000005 1 8.357316256e-05
182 0.099916 -0.300000 -0.110862 -0.741458 -1.108648 -0.110436 0.000000 0.000000 0.000000 -0.000003 1 8.343253285e-05
183 0.101709 -0.300000 -0.217029 -0.869009 -1.116883 -0.208770 0.000000 0.000000 0.000000 -0.000005 1 2.091377974e-05
184 0.138314 -0.300000 -0.120361 -0.862620 -1.230907 -0.119875 0.000000 0.000000 0.000000 -0.000002 1 8.587725461e-05
185 0.136461 -0.300000 -0.222244 -1.002108 -1.243196 -0.214247 0.000000 0.000000 0.000000 -0.000003 1 8.355081081e-05
186 0.133932 -0.300000 -0.112964 -0.985500 -1.379026 -0.113654 0.000000 0.000000 0.000000 -0.000001 1 8.368305862e-05
187 0.129614 -0.300000 -0.222608 -1.134286 -1.394906 -0.215125 0.000000 0.000000 0.000000 -0.000001 1 9.000580758e-05
188 0.180303 -0.300000 -0.087370 -1.074370 -1.556822 -0.090458 0.000000 0.000000 0.000000 -0.000000 1 8.366722614e-05
189 -0.062363 -0.298857 -0.183816 -1.206698 -1.579683 -0.179532 0.000000 0.000000 0.000000 -0.000000 1 1.267855987e-04
190 0.000582 -0.300000 -0.000126 -1.063650 -1.758384 -0.009766 0.000000 0.000000 0.000000 -0.000000 1 8.300412446e-05
191 -0.174587 -0.267941 -0.148868 -1.171245 -1.748016 -0.146776 0.000000 0.000000 0.000000 -0.000000 1 8.327048272e-05
192 -0.000875 -0.300000 0.016793 -0.936574 -1.896330 0.006459 0.000000 0.000000 0.000000 -0.000000 1 1.263031736e-04
193 -0.074187 -0.299671 -0.087137 -0.935762 -1.898462 -0.089007 0.000000 0.000000 0.000000 -0.000000 1 5.865283310e-05
194 0.044231 -0.300000 -0.036422 -0.765786 -1.986920 -0.041910 0.000000 0.000000 0.000000 -0.000000 1 8.573848754e-05
195 -0.056541 -0.300000 -0.172455 -0.799092 -1.980656 -0.167460 0.000000 0.000000 0.000000 -0.000000 1 8.319318295e-05
196 0.102130 -0.300000 -0.081781 -0.597172 -2.081488 -0.083873 0.000000 0.000000 0.000000 0.000000 1 8.316896856e-05
197 0.075530 -0.300000 -0.154199 -0.570001 -2.104357 -0.150771 0.000000 0.000000 0.000000 -0.000000 1 9.166542441e-05
198 0.237612 -0.300000 -0.071423 -0.372108 -2.190640 -0.074381 0.000000 0.000000 0.000000 0.000000 1 8.769333363e-05
199 0.178434 -0.300000 -0.162992 -0.381739 -2.212944 -0.158948 0.000000 0.000000 0.000000 -0.000000 1 8.555222303e-05
200 0.318389 -0.300000 -0.092740 -0.210656 -2.280589 -0.094199 0.000000 0.000000 0.000000 -0.000000 1 8.835084736e-05
201 0.231777 -0.300000 -0.195449 -0.251664 -2.300727 -0.189192 0.000000 0.000000 0.000000 -0.000000 1 5.926564336e-05
202 0.399217 -0.300000 -0.099401 -0.060816 -2.350926 -0.100722 0.000000 0.000000 0.000000 -0.000000 1 9.605102241e-05
203 0.336717 -0.300000 -0.179816 -0.084610 -2.360553 -0.175083 0.000000 0.000000 0.000000 -0.000000 1 8.256640285e-05
204 0.553632 -0.300000 -0.039383 0.147446 -2.375998 -0.045403 0.000000 0.000000 0.000000 -0.000000 1 1.094248146e-04
205 0.490180 -0.300000 -0.104454 0.118782 -2.359645 -0.105208 0.000000 0.000000 0.000000 -0.000000 1 8.810311556e-05
206 0.749822 -0.300000 0.098397 0.386702 -2.313909 0.082673 0.000000 0.000000 0.000000 -0.000000 1 8.918624371e-05
207 0.648981 -0.300000 0.053382 0.320230 -2.244463 0.042157 0.000000 0.000000 0.000000 -0.000000 1 8.702930063e-05
208 0.739272 -0.291404 0.178214 0.428184 -2.092470 0.158574 0.000000 0.000000 0.000000 -0.000000 1 5.582161248e-05
209 0.624517 -0.288817 0.119939 0.344973 -1.956662 0.106070 0.000000 0.000000 0.000000 0.000000 1 9.370688349e-05
