9 0.429222 0.009143 -0.051933
10 0.431872 0.009605 0.150927
11 0.570084 -0.055572 0.544326
12 0.639678 -0.087605 0.545979
13 0.619510 -0.075863 0.480611
14 0.611412 -0.040057 0.412161
15 0.618183 -0.022143 0.389705
16 0.589680 -0.004381 0.380345
17 0.570351 0.022764 0.334664
18 0.541997 0.034658 0.332212
19 0.539477 0.051538 0.299205
20 0.529995 0.056384 0.297110
21 0.530193 0.075078 0.274626
22 0.527921 0.085575 0.270557
23 0.541914 0.108637 0.247312
24 0.511089 0.090489 0.266846
25 0.517044 0.107153 0.242534
26 0.495822 0.096089 0.255658
27 0.516893 0.114049 0.225246
28 0.501649 0.097552 0.246248
29 0.522375 0.108939 0.225186
30 0.507776 0.089019 0.254582
31 0.533897 0.099655 0.234833
32 0.523328 0.080333 0.270029
33 0.506328 0.098872 0.239822
34 0.428651 0.083946 0.283496
35 0.415009 0.115019 0.222011
36 0.349220 0.105515 0.259737
37 0.344015 0.126051 0.211417
38 0.299623 0.121637 0.231707
39 0.290080 0.131498 0.206345
40 0.256134 0.127938 0.222269
41 0.254260 0.135933 0.195021
42 0.229599 0.133000 0.205870
43 0.227772 0.137586 0.185570
44 0.205356 0.133605 0.200036
45 0.205919 0.136096 0.181676
46 0.188363 0.131961 0.195205
47 0.188581 0.132130 0.183217
48 0.174541 0.127286 0.199326
49 0.172774 0.125644 0.197772
50 0.162828 0.120098 0.218916
51 0.161825 0.116841 0.228925
52 0.158500 0.109407 0.262082
53 0.165130 0.102373 0.292683
54 0.180477 0.088369 0.356392
55 0.218364 0.069252 0.442779
56 0.302699 0.040328 0.527232
57 0.393074 0.047335 0.405900
58 0.441713 0.067864 0.289997
59 0.465313 0.096625 0.180686
60 0.470771 0.115756 0.099315
61 0.470585 0.129614 0.034560
62 0.465830 0.164633 -0.040121
63 0.466753 0.220554 -0.149186
64 0.466131 0.300043 -0.253257
65 0.472978 0.299979 -0.300764
66 0.487032 0.300000 -0.352748
67 0.478677 0.299997 -0.462948
68 0.413604 0.299987 -0.640801
69 0.361007 0.245505 -0.710560
70 0.358803 0.204370 -0.707206
71 0.361325 0.167059 -0.661730
72 0.315155 0.088028 -0.606153
73 0.370572 0.150199 -0.637727
74 0.469420 0.237827 -0.662917
75 0.572990 0.299996 -0.662357
76 0.659129 0.299990 -0.694189
77 0.767243 0.300006 -0.726378
78 0.705494 0.218950 -0.941004
79 0.825162 0.185123 -0.999978
80 0.478068 -0.066623 -0.999994
81 0.378955 -0.100812 -1.000000
82 0.809989 0.108291 -1.000115
83 0.999904 -0.074910 -0.525985
84 0.999996 0.011541 -0.339658
85 0.999135 0.068285 -0.261746
86 0.999423 0.063684 -0.319579
87 0.999589 0.079562 -0.378174
88 1.000000 -0.106384 -0.629704
89 0.999940 -0.300048 -1.000195
90 0.998638 0.300361 -0.107631
91 1.000348 -0.299298 -1.000997
92 0.999930 -0.299692 -0.999829
93 -0.073559 -0.300132 0.693842
94 -0.190377 -0.300042 0.594878
95 -0.438976 -0.048423 1.000071
96 -0.378396 -0.084497 0.999891
97 -0.410500 -0.044202 0.999923
98 -0.468433 -0.006959 1.000223
99 -0.472658 -0.001842 0.999926
100 -0.472749 -0.001577 0.999883
101 -0.473201 -0.001252 0.999890
102 -0.472965 -0.001426 0.999900
103 -0.473379 -0.001124 0.999923
104 -0.473132 -0.001305 0.999936
105 -0.473549 -0.001002 0.999956
106 -0.473309 -0.001178 0.999967
107 -0.473666 -0.000914 1.000032
108 -0.473870 -0.000812 0.999841
109 -0.474348 -0.000469 0.999828
110 -0.473986 -0.000719 0.999883
111 -0.487969 0.012113 0.964567
112 -0.487953 0.012139 0.963996
113 -0.487960 0.012123 0.964497
114 -0.487947 0.012165 0.963945
115 -0.487938 0.012086 0.964965
116 -0.487924 0.012121 0.964458
117 -0.487914 0.012041 0.965487
118 -0.487900 0.012077 0.964983
119 -0.487891 0.011993 0.966056
120 -0.487877 0.012028 0.965552
121 -0.487868 0.011947 0.966586
122 -0.487855 0.011983 0.966077
123 -0.487847 0.011903 0.967112
124 -0.487857 0.012027 0.930893
125 -0.487820 0.011821 0.805870
126 -0.487818 0.011866 0.684653
127 -0.487818 0.011812 0.569152
128 -0.487816 0.011847 0.458470
129 -0.487815 0.011822 0.353172
130 -0.487813 0.011851 0.252667
131 -0.487812 0.011831 0.157289
132 -0.487810 0.011857 0.066528
133 -0.487808 0.011840 -0.019368
134 -0.487814 0.011882 -0.037766
135 -0.487814 0.011853 -0.037744
136 -0.467250 0.047572 -0.074248
137 -0.434688 0.104071 -0.132003
138 -0.404170 0.157060 -0.186253
139 -0.376056 0.205861 -0.236159
140 -0.350182 0.250781 -0.282145
141 -0.326462 0.291951 -0.324267
142 -0.322199 0.299917 -0.330549
143 -0.322522 0.299821 -0.329981
144 -0.322769 0.299835 -0.327754
145 -0.322978 0.299850 -0.327350
146 -0.323227 0.299866 -0.324987
147 -0.323428 0.299881 -0.324603
148 -0.323689 0.299896 -0.322016
149 -0.323885 0.299915 -0.321635
150 -0.324108 0.299931 -0.319132
151 -0.324294 0.299947 -0.318854
152 -0.324555 0.299938 -0.316024
153 -0.324774 0.299932 -0.315561
154 -0.325023 0.299936 -0.312468
155 -0.325233 0.299939 -0.312053
156 -0.325460 0.299940 -0.308786
157 -0.325650 0.299944 -0.308454
158 -0.325882 0.299944 -0.304580
159 -0.326060 0.299950 -0.304360
160 -0.263171 0.300003 -0.301334
161 -0.143692 0.300000 -0.304084
162 -0.012799 0.300001 -0.303458
163 0.108653 0.300001 -0.308007
164 0.229160 0.300002 -0.310948
165 0.351639 0.300002 -0.315431
166 0.474915 0.300002 -0.317105
167 0.600221 0.300001 -0.321604
168 0.726962 0.284756 -0.306701
169 0.855792 0.241770 -0.268163
170 0.986735 0.198183 -0.229199
171 1.000018 0.155927 -0.187333
172 1.000036 0.113311 -0.145052
173 1.000043 0.070433 -0.102065
174 1.000048 0.027274 -0.059165
175 1.000051 -0.015909 -0.015842
176 1.000054 -0.059377 0.027412
177 1.000055 -0.102577 0.070772
178 1.000056 -0.145658 0.113657
179 1.000056 -0.188155 0.156333
180 1.000057 -0.230463 0.198373
181 1.000055 -0.271740 0.239851
182 1.000045 -0.299987 0.267731
183 1.000034 -0.299986 0.267998
184 1.000029 -0.299976 0.357745
185 1.000024 -0.299977 0.459335
186 1.000022 -0.299978 0.564569
187 1.000000 -0.285161 0.676262
188 1.000001 -0.236160 0.790989
189 1.000002 -0.172848 0.913099
190 1.000002 -0.101212 1.000012
191 1.000002 -0.015725 1.000012
192 0.999940 0.073173 1.000110
193 1.000025 0.073996 0.999954
194 1.000021 0.073581 0.999962
195 1.000022 0.074062 0.999945
196 1.000021 0.073652 0.999943
197 1.000021 0.074126 0.999927
198 1.000019 0.073733 0.999929
199 1.000019 0.074191 0.999915
200 1.000017 0.073798 0.999915
201 1.000017 0.074276 0.999903
202 0.999970 0.073859 0.999924
203 0.999847 0.074277 0.999967
204 0.999850 0.073867 0.999977
205 0.999849 0.074310 0.999974
206 0.999848 0.073893 0.999991
207 0.999848 0.074354 0.999992
208 0.999847 0.073928 1.000011
209 0.999848 0.074369 1.000010
