9 0.429221 0.009109 -0.051933 0.429222 0.009143 -0.051933 0.000000 0.000000 0.000000 -1.000000 1 1.347213984e-04
10 0.431871 0.009583 0.150927 0.431872 0.009605 0.150927 0.000000 0.000000 0.000000 -1.000000 1 5.864165723e-05
11 0.569262 0.082512 0.682403 0.569262 0.082512 0.682403 0.000000 0.000000 0.000000 -1.000000 1 1.846197993e-04
12 0.643328 0.111888 0.740631 0.643328 0.111888 0.740631 0.000000 0.000000 0.000000 -1.000000 1 8.135102689e-05
13 0.633399 0.137387 0.669104 0.633399 0.137387 0.669104 0.000000 0.000000 0.000000 -1.000000 1 7.280614227e-05
14 0.596975 0.198099 0.645760 0.598490 0.200191 0.645760 0.000000 0.000000 0.000000 -1.000000 1 1.745698974e-04
15 0.575278 0.181728 0.642809 0.629365 0.248980 0.642809 0.000000 0.000000 0.000000 -1.000000 1 2.613989636e-05
16 0.534891 0.188942 0.684458 0.628395 0.299936 0.684458 0.000000 0.000000 0.000000 -1.000000 1 8.050492033e-05
17 0.521919 0.145948 0.567228 0.680001 0.297787 0.567228 0.000000 0.000000 0.000000 -1.000000 1 6.770575419e-05
18 0.495493 0.140624 0.591878 0.700781 0.324988 0.591878 0.000000 0.000000 0.000000 -1.000000 1 6.600376219e-05
19 0.474074 0.114484 0.489624 0.750941 0.319954 0.489624 0.000000 0.000000 0.000000 -1.000000 1 6.508827209e-05
20 0.448569 0.111609 0.512843 0.774588 0.337683 0.512843 0.000000 0.000000 0.000000 -1.000000 1 6.643077359e-05
21 0.427494 0.093140 0.432877 0.823624 0.322791 0.432877 0.000000 0.000000 0.000000 -1.000000 1 1.677637920e-05
22 0.403517 0.090484 0.445527 0.850461 0.328899 0.445527 0.000000 0.000000 0.000000 -1.000000 1 6.514927372e-05
23 0.383713 0.077697 0.387057 0.900238 0.308944 0.387057 0.000000 0.000000 0.000000 -1.000000 1 6.475904956e-05
24 0.362637 0.073960 0.402867 0.932545 0.306401 0.402867 0.000000 0.000000 0.000000 -1.000000 1 6.665289402e-05
25 0.342614 0.069655 0.366651 0.979187 0.288608 0.366651 0.000000 0.000000 0.000000 -1.000000 1 8.870800957e-05
26 0.323181 0.066903 0.371594 1.018142 0.276961 0.371594 0.000000 0.000000 0.000000 -1.000000 1 6.845779717e-05
27 0.304549 0.068675 0.348937 1.068043 0.260318 0.348937 0.000000 0.000000 0.000000 -1.000000 1 6.599910557e-05
28 0.287574 0.067382 0.350470 1.116448 0.240985 0.350470 0.000000 0.000000 0.000000 -1.000000 1 8.193589747e-05
29 0.271289 0.073233 0.331031 1.172225 0.219786 0.331031 0.000000 0.000000 0.000000 -1.000000 1 6.728107110e-05
30 0.256812 0.075267 0.328580 1.228745 0.191818 0.328580 0.000000 0.000000 0.000000 -1.000000 1 2.894829959e-05
31 0.243737 0.084892 0.307180 1.290661 0.161230 0.307181 0.000000 0.000000 0.000000 -1.000000 1 6.603915244e-05
32 0.232143 0.092860 0.303447 1.351614 0.125562 0.303447 0.000000 0.000000 0.000000 -1.000000 1 6.180489436e-05
33 0.222745 0.109823 0.294313 1.418395 0.095055 0.294314 0.000000 0.000000 0.000000 -1.000000 1 7.621012628e-05
34 0.215396 0.125837 0.296079 1.482285 0.054614 0.296079 0.000000 0.000000 0.000000 -1.000000 1 6.707385182e-05
35 0.211538 0.151036 0.293769 1.552751 0.020092 0.293769 0.000000 0.000000 0.000000 -1.000000 1 5.767587572e-05
36 0.211235 0.177572 0.299048 1.616534 -0.027191 0.299048 0.000000 0.000000 0.000000 -1.000000 1 6.536021829e-05
37 0.217091 0.213391 0.303273 1.692639 -0.068468 0.303273 0.000000 0.000000 0.000000 -1.000000 1 7.607508451e-05
38 0.229250 0.254398 0.321307 1.755113 -0.119823 0.321307 0.000000 0.000000 0.000000 -1.000000 1 6.652576849e-05
39 0.253208 0.300313 0.317615 1.830948 -0.182715 0.317615 0.000000 0.000000 0.000000 -1.000000 1 1.140907407e-04
40 0.266112 0.299970 0.351399 1.884629 -0.237148 0.351399 0.000000 0.000000 0.000000 -1.000000 1 2.686721273e-04
41 0.298165 0.299893 0.302304 1.942931 -0.357853 0.302304 0.000000 0.000000 0.000000 -1.000000 1 2.610972151e-04
42 0.321164 0.299910 0.333061 1.986234 -0.425766 0.333061 0.000000 0.000000 0.000000 -1.000000 1 9.841099381e-04
43 0.351943 0.300045 0.301774 2.019343 -0.524682 0.301774 0.000000 0.000000 0.000000 -1.000000 1 4.069758579e-04
44 0.371054 0.280878 0.329668 2.041001 -0.586228 0.329668 0.000000 0.000000 0.000000 -1.000000 1 5.909502506e-04
45 0.385786 0.237476 0.263671 2.033255 -0.713040 0.263671 0.000000 0.000000 0.000000 -1.000000 1 4.104212858e-04
46 0.396050 0.194106 0.264324 2.026239 -0.788803 0.264324 0.000000 0.000000 0.000000 -1.000000 1 4.661851563e-04
47 0.409218 0.142073 0.178702 1.980624 -0.918837 0.178702 0.000000 0.000000 0.000000 -1.000000 1 2.220440656e-04
48 0.421725 0.089301 0.154820 1.944860 -0.997288 0.154820 0.000000 0.000000 0.000000 -1.000000 1 1.191529445e-04
49 0.435609 0.030944 0.088540 1.883147 -1.086076 0.088540 0.000000 0.000000 0.000000 -1.000000 1 1.679002307e-04
50 0.457170 -0.036785 0.058878 1.827906 -1.145016 0.058878 0.000000 0.000000 0.000000 -1.000000 1 2.115536481e-04
51 0.491987 -0.118779 0.018167 1.755804 -1.183150 0.018167 0.000000 0.000000 0.000000 -1.000000 1 2.660797909e-04
52 0.555483 -0.231793 -0.004681 1.691823 -1.207805 -0.004681 0.000000 0.000000 0.000000 -1.000000 1 3.872397356e-04
53 0.567970 -0.299836 -0.071579 1.570103 -1.226900 -0.071579 0.000000 0.000000 0.000000 -1.000000 1 1.375690103e-03
54 0.552132 -0.299774 0.036762 1.580193 -1.093749 0.036762 0.000000 0.000000 0.000000 -1.000000 1 5.092909560e-04
55 0.515898 -0.299977 -0.029988 1.454638 -1.071740 -0.029988 0.000000 0.000000 0.000000 -1.000000 1 5.802609958e-04
56 0.512462 -0.288941 0.119396 1.500890 -0.867466 0.119396 0.000000 0.000000 0.000000 -1.000000 1 2.821190283e-04
57 0.480683 -0.300257 0.072290 1.412896 -0.801120 0.072290 0.000000 0.000000 0.000000 -1.000000 1 4.687719047e-05
58 0.489439 -0.251342 0.238272 1.460562 -0.563926 0.238272 0.000000 0.000000 0.000000 -1.000000 1 1.165061258e-04
59 0.460402 -0.264202 0.164648 1.385656 -0.497542 0.164648 0.000000 0.000000 0.000000 -1.000000 1 2.086330205e-04
60 0.463717 -0.226501 0.279366 1.405328 -0.287876 0.279366 0.000000 0.000000 0.000000 -1.000000 1 1.175981015e-04
61 0.434235 -0.243883 0.164063 1.341920 -0.239839 0.164063 0.000000 0.000000 0.000000 -1.000000 1 6.149290130e-05
62 0.427720 -0.126352 0.245638 1.343910 -0.049059 0.245638 0.000000 0.000000 0.000000 -1.000000 1 1.544901170e-04
63 0.399189 -0.052881 0.159460 1.301881 0.021482 0.159460 0.000000 0.000000 0.000000 -1.000000 1 1.217960380e-04
64 0.374015 0.022311 0.189884 1.275865 0.145022 0.189884 0.000000 0.000000 0.000000 -1.000000 1 1.125768758e-04
65 0.349266 0.062680 0.134389 1.262837 0.194201 0.134389 0.000000 0.000000 0.000000 -1.000000 1 3.875605762e-05
66 0.326617 0.078522 0.112472 1.247940 0.224842 0.112472 0.000000 0.000000 0.000000 -1.000000 1 2.200901508e-05
67 0.310347 0.075953 0.040686 1.262874 0.215523 0.040686 0.000000 0.000000 0.000000 -1.000000 1 6.680702791e-05
68 0.294397 0.059992 0.012600 1.269603 0.204932 0.012600 0.000000 0.000000 0.000000 -1.000000 1 1.710001379e-05
69 0.280637 0.043406 -0.038884 1.293238 0.188665 -0.038884 0.000000 0.000000 0.000000 -1.000000 1 8.517084643e-05
70 0.267050 0.017995 -0.068475 1.311632 0.168957 -0.068475 0.000000 0.000000 0.000000 -1.000000 1 8.257478476e-05
71 0.254685 -0.002202 -0.102046 1.342192 0.162063 -0.102046 0.000000 0.000000 0.000000 -1.000000 1 4.143500701e-05
72 0.243366 -0.029181 -0.127513 1.372957 0.150788 -0.127513 0.000000 0.000000 0.000000 -1.000000 1 6.638793275e-05
73 0.233774 -0.051446 -0.151620 1.411310 0.157757 -0.151620 0.000000 0.000000 0.000000 -1.000000 1 7.744506001e-05
74 0.226747 -0.080475 -0.174391 1.455739 0.160238 -0.174391 0.000000 0.000000 0.000000 -1.000000 1 6.697326899e-05
75 0.222426 -0.107805 -0.200755 1.502046 0.179310 -0.200755 0.000000 0.000000 0.000000 -1.000000 1 6.669200957e-05
76 0.223832 -0.142087 -0.217446 1.558794 0.203090 -0.217446 0.000000 0.000000 0.000000 -1.000000 1 1.150369644e-04
77 0.229256 -0.180283 -0.259139 1.611995 0.229138 -0.259139 0.000000 0.000000 0.000000 -1.000000 1 1.171510667e-04
78 0.247803 -0.223106 -0.259851 1.674894 0.286995 -0.259851 0.000000 0.000000 0.000000 -1.000000 1 1.454679295e-04
79 0.271432 -0.279579 -0.330985 1.730263 0.310824 -0.330985 0.000000 0.000000 0.000000 -1.000000 1 1.168982126e-04
80 0.308952 -0.300019 -0.302609 1.787185 0.417864 -0.302609 0.000000 0.000000 0.000000 -1.000000 1 1.670941710e-04
81 0.309658 -0.300068 -0.433657 1.842975 0.410325 -0.433657 0.000000 0.000000 0.000000 -1.000000 1 9.183287621e-04
82 0.370954 -0.299961 -0.323741 1.859897 0.610772 -0.323741 0.000000 0.000000 0.000000 -1.000000 1 7.607196458e-04
83 0.398469 -0.300004 -0.433216 1.899843 0.637213 -0.433216 0.000000 0.000000 0.000000 -1.000000 1 7.674242370e-04
84 0.502317 -0.299933 -0.355864 1.875146 0.815141 -0.355864 0.000000 0.000000 0.000000 -1.000000 1 7.191840559e-04
85 0.621103 -0.300039 -0.435805 1.867923 0.870002 -0.435805 0.000000 0.000000 0.000000 -1.000000 1 3.649410792e-04
86 1.000025 -0.287885 -0.365379 1.767393 1.034101 -0.365379 0.000000 0.000000 0.000000 -1.000000 1 6.116051227e-04
87 0.999936 -0.035883 -0.374220 1.620031 1.139194 -0.374220 0.000000 0.000000 0.000000 -1.000000 1 3.261230886e-04
88 1.000015 0.299906 -0.274516 1.307805 1.275866 -0.274516 0.000000 0.000000 0.000000 -1.000000 1 4.593837075e-04
89 0.932561 0.300128 -0.147560 0.932586 1.365688 -0.147560 0.000000 0.000000 0.000000 -1.000000 1 3.135111183e-04
90 0.534976 0.300050 -0.025957 0.534750 1.336600 -0.025957 0.000000 0.000000 0.000000 -1.000000 1 3.909599036e-04
91 0.382703 0.299960 -0.163269 0.382705 1.207723 -0.163269 0.000000 0.000000 0.000000 -1.000000 1 2.236659639e-04
92 0.331472 0.299900 -0.302877 0.331478 1.102229 -0.302877 0.000000 0.000000 0.000000 -1.000000 1 1.671388745e-04
93 0.405435 0.299919 -0.498358 0.405439 0.930506 -0.498358 0.000000 0.000000 0.000000 -1.000000 1 2.173399553e-04
94 0.414175 0.299668 -0.612906 0.414185 0.752550 -0.612906 0.000000 0.000000 0.000000 -1.000000 1 2.181548625e-04
95 0.441440 0.299646 -0.667927 0.441464 0.580096 -0.667927 0.000000 0.000000 0.000000 -1.000000 1 2.793362364e-04
96 0.431008 0.299787 -0.724911 0.431045 0.378779 -0.724911 0.000000 0.000000 0.000000 -1.000000 1 1.663109288e-04
97 0.470380 0.157054 -0.788672 0.470456 0.157106 -0.788672 0.000000 0.000000 0.000000 -1.000000 1 1.723738387e-05
98 0.520542 -0.084387 -1.000000 0.520454 -0.084441 -1.068210 0.000000 0.000000 0.000000 -1.000000 1 1.900293864e-04
99 0.538699 -0.299715 -1.000000 0.538699 -0.299715 -1.165734 0.000000 0.000000 0.000000 -1.000000 1 1.722862944e-04
100 0.599253 -0.299996 -1.000008 0.599287 -0.443257 -1.207387 0.000000 0.000000 0.000000 -1.000000 1 3.243898973e-04
101 0.637380 -0.299992 -1.000081 0.637460 -0.556869 -1.284581 0.000000 0.000000 0.000000 -1.000000 1 4.169018939e-05
102 0.752755 -0.300008 -1.000000 0.752782 -0.599678 -1.102220 0.000000 0.000000 0.000000 -1.000000 1 2.159308642e-04
103 0.774435 -0.300002 -1.000000 0.774444 -0.664808 -1.106387 0.000000 0.000000 0.000000 -1.000000 1 6.762868725e-04
104 0.878097 -0.299746 -0.854978 0.878038 -0.612707 -0.854978 0.000000 0.000000 0.000000 -1.000000 1 1.227571629e-04
105 0.873157 -0.299896 -0.802569 0.873148 -0.605822 -0.802569 0.000000 0.000000 0.000000 -1.000000 1 1.165140420e-04
106 0.888050 -0.300035 -0.644450 0.888056 -0.550158 -0.644450 0.000000 0.000000 0.000000 -1.000000 1 1.168120652e-04
107 0.835297 -0.300017 -0.601606 0.835299 -0.524544 -0.601606 0.000000 0.000000 0.000000 -1.000000 1 1.162500121e-04
108 0.798704 -0.300027 -0.545555 0.798705 -0.480876 -0.545555 0.000000 0.000000 0.000000 -1.000000 1 1.144059934e-04
109 0.722251 -0.300094 -0.600529 0.722252 -0.471132 -0.600529 0.000000 0.000000 0.000000 -1.000000 1 1.144581474e-04
110 0.693185 -0.300010 -0.327913 0.737721 -0.412656 -0.327913 0.000000 0.000000 0.000000 -1.000000 1 3.560939804e-04
111 0.650154 -0.300002 -0.553364 0.682481 -0.397726 -0.553364 0.000000 0.000000 0.000000 -1.000000 1 1.706848852e-04
112 0.648409 -0.229829 -0.462027 0.708090 -0.312968 -0.462027 0.000000 0.000000 0.000000 -1.000000 1 6.830692291e-05
113 0.632268 -0.205904 -0.533199 0.687388 -0.279369 -0.533199 0.000000 0.000000 0.000000 -1.000000 1 8.101714775e-05
114 0.600762 -0.166497 -0.452610 0.664407 -0.237648 -0.452610 0.000000 0.000000 0.000000 -1.000000 1 6.430130452e-05
115 0.557466 -0.167080 -0.480761 0.630003 -0.243351 -0.480761 0.000000 0.000000 0.000000 -1.000000 1 6.542121992e-05
116 0.550404 -0.116127 -0.402984 0.667938 -0.218958 -0.402984 0.000000 0.000000 0.000000 -1.000000 1 6.599677727e-05
117 0.532218 -0.109961 -0.511717 0.675693 -0.235604 -0.511717 0.000000 0.000000 0.000000 -1.000000 1 3.489898518e-05
118 0.500800 -0.095918 -0.461143 0.689082 -0.239456 -0.461143 0.000000 0.000000 0.000000 -1.000000 1 6.704311818e-05
119 0.468449 -0.099497 -0.489346 0.693860 -0.261375 -0.489346 0.000000 0.000000 0.000000 -1.000000 1 6.749387830e-05
120 0.440473 -0.092589 -0.439269 0.724560 -0.269863 -0.439269 0.000000 0.000000 0.000000 -1.000000 1 6.637210026e-05
121 0.414242 -0.094013 -0.465147 0.745599 -0.287659 -0.465147 0.000000 0.000000 0.000000 -1.000000 1 6.681028754e-05
122 0.391803 -0.087327 -0.418059 0.790443 -0.287913 -0.418059 0.000000 0.000000 0.000000 -1.000000 1 1.699477434e-05
123 0.370628 -0.085577 -0.445974 0.824506 -0.298155 -0.445974 0.000000 0.000000 0.000000 -1.000000 1 6.640609354e-05
124 0.349666 -0.085311 -0.417992 0.873648 -0.298818 -0.417992 0.000000 0.000000 0.000000 -1.000000 1 6.640329957e-05
125 0.331102 -0.083331 -0.433752 0.919507 -0.300942 -0.433752 0.000000 0.000000 0.000000 -1.000000 1 6.511900574e-05
126 0.312902 -0.084484 -0.397619 0.977004 -0.290607 -0.397619 0.000000 0.000000 0.000000 -1.000000 1 2.717599273e-05
127 0.297006 -0.082080 -0.398094 1.033360 -0.279140 -0.398094 0.000000 0.000000 0.000000 -1.000000 1 4.243012518e-05
128 0.281905 -0.084532 -0.362404 1.098470 -0.257551 -0.362404 0.000000 0.000000 0.000000 -1.000000 1 6.656721234e-05
129 0.268116 -0.083676 -0.363943 1.160947 -0.236111 -0.363943 0.000000 0.000000 0.000000 -1.000000 1 8.403230458e-05
130 0.255537 -0.088674 -0.331274 1.229589 -0.203523 -0.331274 0.000000 0.000000 0.000000 -1.000000 1 1.132357866e-04
131 0.243553 -0.092510 -0.335541 1.295010 -0.174728 -0.335541 0.000000 0.000000 0.000000 -1.000000 1 1.074098982e-04
132 0.233975 -0.102623 -0.306547 1.365926 -0.133490 -0.306547 0.000000 0.000000 0.000000 -1.000000 1 1.155529171e-04
133 0.224642 -0.113882 -0.317335 1.432728 -0.100917 -0.317335 0.000000 0.000000 0.000000 -1.000000 1 1.144763082e-04
134 0.219765 -0.130997 -0.290256 1.505920 -0.050570 -0.290256 0.000000 0.000000 0.000000 -1.000000 1 8.965702727e-05
135 0.214941 -0.152382 -0.309878 1.572934 -0.016917 -0.309878 0.000000 0.000000 0.000000 -1.000000 1 1.088711433e-04
136 0.218038 -0.178619 -0.283385 1.649091 0.043947 -0.283385 0.000000 0.000000 0.000000 -1.000000 1 6.852624938e-05
137 0.220324 -0.213675 -0.324451 1.714916 0.070799 -0.324451 0.000000 0.000000 0.000000 -1.000000 1 4.681339487e-05
138 0.237743 -0.250409 -0.291013 1.790860 0.152115 -0.291013 0.000000 0.000000 0.000000 -1.000000 1 4.705134779e-05
139 0.250569 -0.300135 -0.364270 1.852442 0.161970 -0.364270 0.000000 0.000000 0.000000 -1.000000 1 1.170579344e-04
140 0.279978 -0.300087 -0.290794 1.917411 0.296256 -0.290794 0.000000 0.000000 0.000000 -1.000000 1 1.803729683e-04
141 0.280852 -0.300185 -0.400682 1.972218 0.279741 -0.400682 0.000000 0.000000 0.000000 -1.000000 1 4.159286618e-05
142 0.334371 -0.299931 -0.261920 2.002543 0.487809 -0.261920 0.000000 0.000000 0.000000 -1.000000 1 2.613030374e-04
143 0.346557 -0.299903 -0.339266 2.041371 0.506681 -0.339266 0.000000 0.000000 0.000000 -1.000000 1 1.938282512e-04
144 0.386488 -0.268345 -0.221270 2.031053 0.698337 -0.221270 0.000000 0.000000 0.000000 -1.000000 1 1.264987513e-04
145 0.388776 -0.234578 -0.277879 2.040359 0.730571 -0.277879 0.000000 0.000000 0.000000 -1.000000 1 1.159440726e-04
146 0.409400 -0.168190 -0.133327 1.978432 0.940038 -0.133327 0.000000 0.000000 0.000000 -1.000000 1 1.042932272e-04
147 0.416585 -0.122156 -0.148158 1.960509 0.997894 -0.148158 0.000000 0.000000 0.000000 -1.000000 1 3.261077218e-04
148 0.427571 -0.059602 -0.050104 1.889672 1.135426 -0.050104 0.000000 0.000000 0.000000 -1.000000 1 4.242314026e-05
149 0.439121 -0.002360 -0.040716 1.849433 1.192127 -0.040716 0.000000 0.000000 0.000000 -1.000000 1 5.351006985e-05
150 0.454616 0.063082 0.005925 1.784274 1.252538 0.005925 0.000000 0.000000 0.000000 -1.000000 1 5.389330909e-05
151 0.482904 0.143306 0.025742 1.726694 1.290572 0.025742 0.000000 0.000000 0.000000 -1.000000 1 6.738724187e-05
152 0.544379 0.251558 0.033472 1.659853 1.280998 0.033472 0.000000 0.000000 0.000000 -1.000000 1 1.466898248e-04
153 0.567379 0.300032 0.068196 1.585316 1.295348 0.068196 0.000000 0.000000 0.000000 -1.000000 1 2.454319037e-04
154 0.537778 0.299788 0.102193 1.483589 1.255860 0.102193 0.000000 0.000000 0.000000 -1.000000 1 2.304879017e-04
155 0.518146 0.300008 0.005019 1.477968 1.119024 0.005019 0.000000 0.000000 0.000000 -1.000000 1 2.983491868e-05
156 0.490578 0.299883 -0.018044 1.404816 1.014131 -0.018044 0.000000 0.000000 0.000000 -1.000000 1 3.087893128e-05
157 0.476937 0.299983 -0.100150 1.404086 0.855900 -0.100150 0.000000 0.000000 0.000000 -1.000000 1 6.837770343e-05
158 0.453747 0.299958 -0.111257 1.337504 0.725785 -0.111257 0.000000 0.000000 0.000000 -1.000000 1 6.923591718e-05
159 0.442549 0.288123 -0.149549 1.317592 0.569636 -0.149549 0.000000 0.000000 0.000000 -1.000000 1 1.361551695e-04
160 0.424727 0.279659 -0.149992 1.258990 0.426704 -0.149992 0.000000 0.000000 0.000000 -1.000000 1 4.329113290e-05
161 0.412785 0.269452 -0.151592 1.234672 0.288471 -0.151592 0.000000 0.000000 0.000000 -1.000000 1 4.415120929e-05
162 0.395862 0.164725 -0.132253 1.184568 0.156613 -0.132253 0.000000 0.000000 0.000000 -1.000000 1 2.760905772e-05
163 0.378783 0.071008 -0.140133 1.168141 0.027061 -0.140133 0.000000 0.000000 0.000000 -1.000000 1 1.761270687e-05
164 0.354177 -0.007453 -0.145846 1.138230 -0.086035 -0.145846 0.000000 0.000000 0.000000 -1.000000 1 2.209376544e-05
165 0.329862 -0.045847 -0.121312 1.118628 -0.140529 -0.121312 0.000000 0.000000 0.000000 -1.000000 1 1.739198342e-05
166 0.308792 -0.067666 -0.081182 1.119022 -0.173024 -0.081183 0.000000 0.000000 0.000000 -1.000000 1 1.742271706e-05
167 0.290077 -0.065963 -0.066412 1.120098 -0.184579 -0.066412 0.000000 0.000000 0.000000 -1.000000 1 1.760292798e-05
168 0.276136 -0.054197 0.000723 1.147330 -0.168238 0.000723 0.000000 0.000000 0.000000 -1.000000 1 2.126488835e-05
169 0.261987 -0.033902 0.023478 1.167077 -0.156624 0.023478 0.000000 0.000000 0.000000 -1.000000 1 2.098176628e-05
170 0.249755 -0.014503 0.074639 1.203382 -0.140293 0.074639 0.000000 0.000000 0.000000 -1.000000 1 1.705111936e-05
171 0.237680 0.010016 0.094835 1.235286 -0.130723 0.094835 0.000000 0.000000 0.000000 -1.000000 1 1.720525324e-05
172 0.227155 0.030975 0.127125 1.278226 -0.129386 0.127125 0.000000 0.000000 0.000000 -1.000000 1 1.722387969e-05
173 0.218435 0.058363 0.149911 1.323652 -0.126659 0.149911 0.000000 0.000000 0.000000 -1.000000 1 1.717172563e-05
174 0.212140 0.082282 0.171328 1.373300 -0.142835 0.171328 0.000000 0.000000 0.000000 -1.000000 1 2.651195973e-05
175 0.209330 0.114121 0.195050 1.430162 -0.153300 0.195050 0.000000 0.000000 0.000000 -1.000000 1 2.772966400e-05
176 0.211356 0.145459 0.212798 1.484303 -0.188370 0.212798 0.000000 0.000000 0.000000 -1.000000 1 1.790281385e-05
177 0.218837 0.188264 0.251267 1.552295 -0.205323 0.251267 0.000000 0.000000 0.000000 -1.000000 1 1.675402746e-05
178 0.236649 0.233595 0.282874 1.609019 -0.251670 0.282874 0.000000 0.000000 0.000000 -1.000000 1 2.695014700e-05
179 0.266415 0.289871 0.318579 1.680961 -0.291754 0.318579 0.000000 0.000000 0.000000 -1.000000 1 2.699578181e-05
180 0.280696 0.299986 0.375029 1.733632 -0.343274 0.375029 0.000000 0.000000 0.000000 -1.000000 1 3.146277741e-04
181 0.307063 0.299996 0.367473 1.790281 -0.440896 0.367473 0.000000 0.000000 0.000000 -1.000000 1 9.067216888e-05
182 0.334177 0.299932 0.434312 1.837307 -0.501213 0.434312 0.000000 0.000000 0.000000 -1.000000 1 2.664881758e-04
183 0.386418 0.300118 0.409630 1.862634 -0.619118 0.409630 0.000000 0.000000 0.000000 -1.000000 1 3.131609410e-04
184 0.451613 0.300057 0.469260 1.887001 -0.686664 0.469260 0.000000 0.000000 0.000000 -1.000000 1 3.442340530e-04
185 0.575544 0.299956 0.444413 1.869222 -0.803232 0.444413 0.000000 0.000000 0.000000 -1.000000 1 3.631683066e-04
186 0.836937 0.299924 0.475295 1.837682 -0.894276 0.475295 0.000000 0.000000 0.000000 -1.000000 1 3.394498490e-04
187 0.999963 0.160103 0.488820 1.756094 -0.973191 0.488820 0.000000 0.000000 0.000000 -1.000000 1 3.167279065e-04
188 0.999951 -0.120437 0.479712 1.590794 -1.078907 0.479712 0.000000 0.000000 0.000000 -1.000000 1 2.092146315e-04
189 1.000038 -0.300004 0.445647 1.332381 -1.141181 0.445647 0.000000 0.000000 0.000000 -1.000000 1 2.965810709e-04
190 0.999968 -0.300000 0.375006 1.157946 -1.134725 0.375006 0.000000 0.000000 0.000000 -1.000000 1 4.090010189e-04
191 1.000054 -0.299987 0.423067 1.074063 -1.089836 0.423067 0.000000 0.000000 0.000000 -1.000000 1 3.256159835e-04
192 0.945359 -0.299964 0.384588 0.945489 -1.059735 0.384588 0.000000 0.000000 0.000000 -1.000000 1 1.678210683e-04
193 0.700753 -0.299895 0.288332 0.700757 -1.025709 0.288332 0.000000 0.000000 0.000000 -1.000000 1 1.735640690e-04
194 0.567772 -0.299916 0.339387 0.567775 -0.911827 0.339387 0.000000 0.000000 0.000000 -1.000000 1 2.145008184e-04
195 0.459710 -0.299854 0.375431 0.459716 -0.803485 0.375431 0.000000 0.000000 0.000000 -1.000000 1 8.887285367e-05
196 0.494675 -0.299505 0.642654 0.494703 -0.618815 0.642654 0.000000 0.000000 0.000000 -1.000000 1 1.048068516e-04
197 0.389185 -0.299683 0.549917 0.389198 -0.493978 0.549917 0.000000 0.000000 0.000000 -1.000000 1 2.251612023e-04
198 0.425900 -0.299894 0.627605 0.425910 -0.300690 0.627605 0.000000 0.000000 0.000000 -1.000000 1 2.251989208e-04
199 0.406259 -0.172121 0.468600 0.406259 -0.172121 0.468600 0.000000 0.000000 0.000000 -1.000000 1 7.509579882e-05
200 0.493658 0.009789 0.524206 0.493658 0.009789 0.524206 0.000000 0.000000 0.000000 -1.000000 1 6.563495845e-05
201 0.536117 0.151310 0.591244 0.536113 0.151317 0.591244 0.000000 0.000000 0.000000 -1.000000 1 6.069894880e-05
202 0.556962 0.248004 0.687131 0.556913 0.248079 0.687131 0.000000 0.000000 0.000000 -1.000000 1 6.196135655e-05
203 0.613579 0.276060 0.658133 0.613560 0.276095 0.658133 0.000000 0.000000 0.000000 -1.000000 1 6.687734276e-05
204 0.625898 0.299946 0.742959 0.625879 0.309507 0.742959 0.000000 0.000000 0.000000 -1.000000 1 1.158327796e-04
205 0.660055 0.299952 0.671897 0.660051 0.310041 0.671897 0.000000 0.000000 0.000000 -1.000000 1 1.155165955e-04
206 0.639428 0.299954 0.731898 0.639406 0.322668 0.731898 0.000000 0.000000 0.000000 -1.000000 1 1.168637536e-04
207 0.636971 0.299943 0.668861 0.636967 0.310692 0.668861 0.000000 0.000000 0.000000 -1.000000 1 1.163776033e-04
208 0.616388 0.299949 0.662168 0.616385 0.313525 0.662168 0.000000 0.000000 0.000000 -1.000000 1 1.142858528e-04
209 0.661878 0.281877 0.580429 0.661876 0.281936 0.580429 0.000000 0.000000 0.000000 -1.000000 1 6.150780246e-05
