9 0.534506 -0.011307 -0.006593 0.429222 0.009143 -0.051933 0.549815 -0.014280 0.000000 0.873055 1
10 0.534434 -0.011150 0.019682 0.431872 0.009605 0.150927 0.549815 -0.014263 0.000000 0.869591 1
11 0.563774 0.092959 0.719997 0.563774 0.092959 0.719997 0.549999 0.001004 0.000000 0.000000 1
12 0.624147 0.133242 0.795447 0.624147 0.133242 0.795447 0.549223 -0.029223 0.000000 0.000000 1
13 0.614517 0.151773 0.685826 0.614517 0.151773 0.685826 0.539120 -0.108854 0.000000 0.000000 1
14 0.587258 0.207405 0.633133 0.587258 0.207405 0.633133 0.522898 -0.170523 0.000000 0.000000 1
15 0.599884 0.141473 0.463823 0.627033 0.242759 0.591598 0.501333 -0.226197 0.000000 0.215983 1
16 0.538948 -0.057837 0.234880 0.628931 0.299832 0.678429 0.491297 -0.247239 0.000000 0.653789 1
17 0.474043 -0.254380 0.046062 0.666798 0.300000 0.605818 0.458181 -0.300000 0.000000 0.923967 1
18 0.518074 -0.116658 0.213299 0.679183 0.300000 0.698037 0.447181 -0.300000 0.000000 0.694431 1
19 0.497638 -0.144886 0.212200 0.658603 0.300000 0.820814 0.441516 -0.300000 0.000000 0.741477 1
20 0.403758 -0.279440 0.000000 0.625832 0.300000 1.000000 0.403758 -0.279440 0.000000 1.000000 0
21 0.316595 -0.257679 0.000000 0.642076 0.300000 1.000000 0.316595 -0.257679 0.000000 1.000000 0
22 0.273681 -0.204055 0.000000 0.611919 0.300000 1.000000 0.273681 -0.204055 0.000000 1.000000 0
23 0.622495 0.300000 1.000000 0.622495 0.300000 1.000000 0.215711 -0.167475 0.000000 0.000000 1
24 0.631519 0.300000 1.000000 0.631519 0.300000 1.000000 0.178179 -0.133892 0.000000 0.000000 1
25 0.772571 0.300000 1.000000 0.772571 0.300000 1.000000 0.110021 -0.106258 0.000000 0.000000 1
26 0.792162 0.300000 1.000000 0.792162 0.300000 1.000000 0.059077 -0.063002 0.000000 0.000000 1
27 0.891522 0.271683 0.912446 0.975456 0.300000 1.000000 0.016797 -0.023424 0.000000 0.087554 1
28 0.915603 0.279883 0.932942 0.981414 0.300000 1.000000 0.000000 -0.000000 0.000000 0.067058 1
29 0.808094 0.242428 0.756203 1.000000 0.300000 0.935786 0.000000 -0.000000 0.000000 0.191906 1
30 0.740189 0.222057 0.609147 1.000000 0.300000 0.822960 0.000000 -0.000000 0.000000 0.259811 1
31 0.683716 0.205115 0.509688 1.000000 0.300000 0.745468 0.000000 -0.000000 0.000000 0.316284 1
32 0.632172 0.189652 0.456167 1.000000 0.300000 0.721586 0.000000 -0.000000 0.000000 0.367828 1
33 0.594025 0.178207 0.435828 1.000000 0.300000 0.733686 0.000000 -0.000000 0.000000 0.405975 1
34 0.544828 0.163448 0.388589 1.000000 0.300000 0.713233 0.000000 -0.000000 0.000000 0.455172 1
35 0.493635 0.148091 0.308826 1.000000 0.300000 0.625616 -0.000000 -0.000000 0.000000 0.506365 1
36 0.446693 0.134008 0.265516 1.000000 0.300000 0.594404 -0.000000 -0.000000 0.000000 0.553307 1
37 0.402450 0.120735 0.210655 1.000000 0.300000 0.523432 -0.000000 -0.000000 0.000000 0.597550 1
38 0.360615 0.108185 0.183640 1.000000 0.300000 0.509241 -0.000000 -0.000000 0.000000 0.639385 1
39 0.304575 0.091373 0.144605 1.000000 0.300000 0.474774 -0.000000 -0.000000 0.000000 0.695425 1
40 0.251710 0.075513 0.121103 1.000000 0.300000 0.481120 -0.000000 -0.000000 0.000000 0.748290 1
41 0.210158 0.063048 0.097227 1.000000 0.300000 0.462636 -0.000000 -0.000000 0.000000 0.789842 1
42 0.172247 0.051674 0.081639 1.000000 0.300000 0.473964 -0.000000 -0.000000 0.000000 0.827753 1
43 0.145804 0.043741 0.069933 1.000000 0.300000 0.479640 -0.000000 -0.000000 0.000000 0.854196 1
44 0.119384 0.035815 0.058609 1.000000 0.300000 0.490930 -0.000000 -0.000000 0.000000 0.880616 1
45 0.102924 0.030877 0.052604 1.000000 0.300000 0.511097 -0.000000 -0.000000 0.000000 0.897076 1
46 0.085032 0.025510 0.044482 1.000000 0.300000 0.523126 -0.000000 -0.000000 0.000000 0.914968 1
47 0.073900 0.022170 0.039988 1.000000 0.300000 0.541114 -0.000000 -0.000000 0.000000 0.926100 1
48 0.061740 0.018522 0.034008 1.000000 0.300000 0.550827 -0.000000 -0.000000 0.000000 0.938260 1
49 0.054315 0.016295 0.030732 1.000000 0.300000 0.565801 -0.000000 -0.000000 0.000000 0.945685 1
50 0.045870 0.013761 0.026238 1.000000 0.300000 0.572003 -0.000000 -0.000000 0.000000 0.954130 1
51 0.041032 0.012310 0.023931 1.000000 0.300000 0.583224 -0.000000 -0.000000 0.000000 0.958968 1
52 0.035121 0.010536 0.020607 1.000000 0.300000 0.586751 -0.000000 -0.000000 0.000000 0.964879 1
53 0.032064 0.009619 0.019040 1.000000 0.300000 0.593810 -0.000000 -0.000000 0.000000 0.967936 1
54 0.027676 0.008303 0.016424 1.000000 0.300000 0.593428 -0.000000 -0.000000 0.000000 0.972324 1
55 0.025766 0.007730 0.015368 1.000000 0.300000 0.596463 -0.000000 -0.000000 0.000000 0.974234 1
56 0.022347 0.006704 0.013220 1.000000 0.300000 0.591584 -0.000000 -0.000000 0.000000 0.977653 1
57 0.021202 0.006361 0.012504 1.000000 0.300000 0.589760 -0.000000 -0.000000 0.000000 0.978798 1
58 0.018459 0.005538 0.010709 1.000000 0.300000 0.580157 -0.000000 -0.000000 0.000000 0.981541 1
59 0.017816 0.005345 0.010218 1.000000 0.300000 0.573519 -0.000000 -0.000000 0.000000 0.982184 1
60 0.015632 0.004690 0.008737 1.000000 0.300000 0.558943 -0.000000 -0.000000 0.000000 0.984368 1
61 0.015371 0.004611 0.008413 1.000000 0.300000 0.547303 -0.000000 -0.000000 0.000000 0.984629 1
62 0.013586 0.004076 0.007166 1.000000 0.300000 0.527472 -0.000000 -0.000000 0.000000 0.986414 1
63 0.013610 0.004083 0.006948 1.000000 0.300000 0.510540 -0.000000 -0.000000 0.000000 0.986390 1
64 0.012109 0.003633 0.005875 1.000000 0.300000 0.485194 -0.000000 -0.000000 0.000000 0.987891 1
65 0.012334 0.003700 0.005707 1.000000 0.300000 0.462689 -0.000000 -0.000000 0.000000 0.987666 1
66 0.011010 0.003303 0.004752 1.000000 0.300000 0.431561 -0.000000 -0.000000 0.000000 0.988990 1
67 0.011363 0.003409 0.004581 1.000000 0.300000 0.403197 -0.000000 -0.000000 0.000000 0.988637 1
68 0.010155 0.003046 0.003717 1.000000 0.300000 0.366015 -0.000000 -0.000000 0.000000 0.989845 1
69 0.010668 0.003201 0.003539 1.000000 0.300000 0.331752 -0.000000 -0.000000 0.000000 0.989332 1
70 0.009596 0.002879 0.002762 1.000000 0.300000 0.287823 -0.000000 -0.000000 0.000000 0.990404 1
71 0.010077 0.003023 0.002485 1.000000 0.300000 0.246566 -0.000000 -0.000000 0.000000 0.989923 1
72 0.008992 0.002698 0.001767 1.000000 0.300000 0.196456 -0.000000 -0.000000 0.000000 0.991008 1
73 0.009535 0.002861 0.001415 1.000000 0.300000 0.148396 -0.000000 -0.000000 0.000000 0.990465 1
74 0.008504 0.002551 0.000770 1.000000 0.300000 0.090589 -0.000000 -0.000000 0.000000 0.991496 1
75 0.009106 0.002732 0.000328 1.000000 0.300000 0.036070 -0.000000 -0.000000 0.000000 0.990894 1
76 0.008121 0.002436 -0.000231 1.000000 0.300000 -0.028409 -0.000000 -0.000000 0.000000 0.991879 1
77 0.008730 0.002619 -0.000795 1.000000 0.300000 -0.091053 -0.000000 -0.000000 0.000000 0.991270 1
78 0.007743 0.002323 -0.001264 1.000000 0.300000 -0.163223 -0.000000 -0.000000 0.000000 0.992257 1
79 0.008441 0.002532 -0.001969 1.000000 0.300000 -0.233215 -0.000000 -0.000000 0.000000 0.991559 1
80 0.007484 0.002245 -0.002347 1.000000 0.300000 -0.313596 -0.000000 -0.000000 0.000000 0.992516 1
81 0.008132 0.002440 -0.003189 1.000000 0.300000 -0.392143 -0.000000 -0.000000 0.000000 0.991868 1
82 0.007168 0.002150 -0.003449 1.000000 0.300000 -0.481119 -0.000000 -0.000000 0.000000 0.992832 1
83 0.007834 0.002350 -0.004453 1.000000 0.300000 -0.568459 -0.000000 -0.000000 0.000000 0.992166 1
84 0.006884 0.002065 -0.004593 1.000000 0.300000 -0.667210 -0.000000 -0.000000 0.000000 0.993116 1
85 0.007525 0.002257 -0.005747 1.000000 0.300000 -0.763688 -0.000000 -0.000000 0.000000 0.992475 1
86 0.006552 0.001966 -0.005708 1.000000 0.300000 -0.871179 -0.000000 -0.000000 0.000000 0.993448 1
87 0.007238 0.002171 -0.007074 1.000000 0.300000 -0.977345 -0.000000 -0.000000 0.000000 0.992762 1
88 0.006264 0.001879 -0.006264 1.000000 0.300000 -1.000000 -0.000000 -0.000000 0.000000 0.993736 1
89 0.007058 0.002117 -0.007058 1.000000 0.300000 -1.000000 -0.000000 -0.000000 0.000000 0.992942 1
90 0.006118 0.001835 -0.006118 1.000000 0.300000 -1.000000 -0.000000 -0.000000 0.000000 0.993882 1
91 0.006853 0.002056 -0.006853 1.000000 0.300000 -1.000000 -0.000000 -0.000000 0.000000 0.993147 1
92 0.005897 0.001769 -0.005897 1.000000 0.300000 -1.000000 -0.000000 -0.000000 0.000000 0.994103 1
93 0.006649 0.001995 -0.006649 1.000000 0.300000 -1.000000 -0.000000 -0.000000 0.000000 0.993351 1
94 0.005764 0.001729 -0.005764 1.000000 0.300000 -1.000000 -0.000000 -0.000000 0.000000 0.994236 1
95 0.006493 0.001948 -0.006493 1.000000 0.300000 -1.000000 -0.000000 -0.000000 0.000000 0.993507 1
96 0.005599 0.001680 -0.005599 1.000000 0.300000 -1.000000 -0.000000 -0.000000 0.000000 0.994401 1
97 0.006375 0.001913 -0.006375 1.000000 0.300000 -1.000000 -0.000000 -0.000000 0.000000 0.993625 1
98 0.005504 0.001651 -0.005504 1.000000 0.300000 -1.000000 -0.000000 -0.000000 0.000000 0.994496 1
99 0.006373 0.001912 -0.006373 1.000000 0.300000 -1.000000 -0.000000 -0.000000 0.000000 0.993627 1
100 0.006366 0.001191 -0.006366 1.000000 0.187150 -1.000000 -0.000000 -0.000000 0.000000 0.993634 1
101 0.009453 0.000212 -0.009453 1.000000 0.022379 -1.000000 -0.000000 -0.000000 0.000000 0.990547 1
102 0.012452 -0.002204 -0.012452 1.000000 -0.177027 -1.000000 -0.000000 -0.000000 0.000000 0.987548 1
103 0.021685 -0.006506 -0.021685 1.000000 -0.300000 -1.000000 -0.000000 -0.000000 0.000000 0.978315 1
104 0.016524 -0.004957 -0.016524 1.000000 -0.300000 -1.000000 -0.000000 -0.000000 0.000000 0.983476 1
105 0.017261 -0.005178 -0.017261 1.000000 -0.300000 -1.000000 -0.000000 -0.000000 0.000000 0.982739 1
106 0.012252 -0.003676 -0.012252 1.000000 -0.300000 -1.000000 -0.000000 -0.000000 0.000000 0.987748 1
107 0.014055 -0.004216 -0.014055 1.000000 -0.300000 -1.000000 -0.000000 -0.000000 0.000000 0.985945 1
108 0.010150 -0.003045 -0.010150 1.000000 -0.300000 -1.000000 -0.000000 -0.000000 0.000000 0.989850 1
109 0.013045 -0.003913 -0.013045 1.000000 -0.300000 -1.000000 -0.000000 -0.000000 0.000000 0.986955 1
110 0.009616 -0.002885 -0.009616 1.000000 -0.300000 -1.000000 -0.000000 -0.000000 0.000000 0.990384 1
111 0.012456 -0.003737 -0.012456 1.000000 -0.300000 -1.000000 -0.000000 -0.000000 0.000000 0.987544 1
112 0.009139 -0.002742 -0.009139 1.000000 -0.300000 -1.000000 -0.000000 -0.000000 0.000000 0.990861 1
113 0.012086 -0.003626 -0.012086 1.000000 -0.300000 -1.000000 -0.000000 -0.000000 0.000000 0.987914 1
114 0.008984 -0.002695 -0.008984 1.000000 -0.300000 -1.000000 -0.000000 -0.000000 0.000000 0.991016 1
115 0.011885 -0.003566 -0.011885 1.000000 -0.300000 -1.000000 -0.000000 -0.000000 0.000000 0.988115 1
116 0.008591 -0.002577 -0.008591 1.000000 -0.300000 -1.000000 -0.000000 -0.000000 0.000000 0.991409 1
117 0.011602 -0.003481 -0.011602 1.000000 -0.300000 -1.000000 -0.000000 -0.000000 0.000000 0.988398 1
118 0.008452 -0.002536 -0.008452 1.000000 -0.300000 -1.000000 -0.000000 -0.000000 0.000000 0.991548 1
119 0.011811 -0.003543 -0.011811 1.000000 -0.300000 -1.000000 -0.000000 -0.000000 0.000000 0.988189 1
120 0.008629 -0.002589 -0.008629 1.000000 -0.300000 -1.000000 -0.000000 -0.000000 0.000000 0.991371 1
121 0.011732 -0.003520 -0.011732 1.000000 -0.300000 -1.000000 -0.000000 -0.000000 0.000000 0.988268 1
122 0.008497 -0.002549 -0.008497 1.000000 -0.300000 -1.000000 -0.000000 -0.000000 0.000000 0.991503 1
123 0.011648 -0.003494 0.011648 1.000000 -0.300000 1.000000 -0.000000 -0.000000 0.000000 0.988352 1
124 0.010211 -0.003063 0.010211 1.000000 -0.300000 1.000000 -0.000000 -0.000000 0.000000 0.989789 1
125 0.013922 -0.004177 0.013922 1.000000 -0.300000 1.000000 -0.000000 -0.000000 0.000000 0.986078 1
126 0.013639 -0.004092 0.013639 1.000000 -0.300000 1.000000 -0.000000 -0.000000 0.000000 0.986361 1
127 0.017312 -0.005194 0.017312 1.000000 -0.300000 1.000000 -0.000000 -0.000000 0.000000 0.982688 1
128 0.017011 -0.005103 0.017011 1.000000 -0.300000 1.000000 -0.000000 -0.000000 0.000000 0.982989 1
129 0.020386 -0.006116 0.020386 1.000000 -0.300000 1.000000 -0.000000 -0.000000 0.000000 0.979614 1
130 0.019900 -0.005970 0.019900 1.000000 -0.300000 1.000000 -0.000000 -0.000000 0.000000 0.980100 1
131 0.022475 -0.006743 0.022475 1.000000 -0.300000 1.000000 -0.000000 -0.000000 0.000000 0.977525 1
132 0.021870 -0.006561 0.021870 1.000000 -0.300000 1.000000 -0.000000 -0.000000 0.000000 0.978130 1
133 0.023997 -0.007199 0.023997 1.000000 -0.300000 1.000000 -0.000000 -0.000000 0.000000 0.976003 1
134 0.023201 -0.006960 0.023201 1.000000 -0.300000 1.000000 -0.000000 -0.000000 0.000000 0.976799 1
135 0.024782 -0.007435 0.024782 1.000000 -0.300000 1.000000 -0.000000 -0.000000 0.000000 0.975218 1
136 0.023755 -0.007127 0.023755 1.000000 -0.300000 1.000000 -0.000000 -0.000000 0.000000 0.976245 1
137 0.025018 -0.007505 0.025018 1.000000 -0.300000 1.000000 -0.000000 -0.000000 0.000000 0.974982 1
138 0.024016 -0.007205 0.024016 1.000000 -0.300000 1.000000 -0.000000 -0.000000 0.000000 0.975984 1
139 0.025224 -0.007567 0.025224 1.000000 -0.300000 1.000000 -0.000000 -0.000000 0.000000 0.974776 1
140 0.024325 -0.007298 0.024325 1.000000 -0.300000 1.000000 -0.000000 -0.000000 0.000000 0.975675 1
141 0.025252 -0.007576 0.025252 1.000000 -0.300000 1.000000 -0.000000 -0.000000 0.000000 0.974748 1
142 0.024225 -0.007268 0.024225 1.000000 -0.300000 1.000000 -0.000000 -0.000000 0.000000 0.975775 1
143 0.024969 -0.007491 0.024969 1.000000 -0.300000 1.000000 -0.000000 -0.000000 0.000000 0.975031 1
144 0.024098 -0.007229 0.024098 1.000000 -0.300000 1.000000 -0.000000 -0.000000 0.000000 0.975902 1
145 0.020900 -0.004927 0.020900 1.000000 -0.235738 1.000000 -0.000000 -0.000000 0.000000 0.979100 1
146 0.016001 -0.001996 0.016001 1.000000 -0.124716 1.000000 -0.000000 -0.000000 0.000000 0.983999 1
147 0.013763 -0.000010 0.013763 1.000000 -0.000706 1.000000 -0.000000 -0.000000 0.000000 0.986237 1
148 0.011209 0.001289 0.011209 1.000000 0.114970 1.000000 -0.000000 -0.000000 0.000000 0.988791 1
149 0.010300 0.002508 0.010300 1.000000 0.243472 1.000000 -0.000000 -0.000000 0.000000 0.989700 1
150 0.009173 0.002752 0.009173 1.000000 0.300000 1.000000 -0.000000 -0.000000 0.000000 0.990827 1
151 0.009756 0.002927 0.009756 1.000000 0.300000 1.000000 -0.000000 -0.000000 0.000000 0.990244 1
152 0.009130 0.002739 0.009130 1.000000 0.300000 1.000000 -0.000000 -0.000000 0.000000 0.990870 1
153 0.009743 0.002923 0.009743 1.000000 0.300000 1.000000 -0.000000 -0.000000 0.000000 0.990257 1
154 0.009136 0.002741 0.009136 1.000000 0.300000 1.000000 -0.000000 -0.000000 0.000000 0.990864 1
155 0.009694 0.002908 0.009694 1.000000 0.300000 1.000000 -0.000000 -0.000000 0.000000 0.990306 1
156 0.009112 0.002734 0.009112 1.000000 0.300000 1.000000 -0.000000 -0.000000 0.000000 0.990888 1
157 0.009746 0.002924 0.009746 1.000000 0.300000 1.000000 -0.000000 -0.000000 0.000000 0.990254 1
158 0.009143 0.002743 0.009143 1.000000 0.300000 1.000000 -0.000000 -0.000000 0.000000 0.990857 1
159 0.009750 0.002925 0.009750 1.000000 0.300000 1.000000 -0.000000 -0.000000 0.000000 0.990250 1
160 0.009173 0.002752 0.009173 1.000000 0.300000 1.000000 -0.000000 -0.000000 0.000000 0.990827 1
161 0.009744 0.002923 0.009744 1.000000 0.300000 1.000000 -0.000000 -0.000000 0.000000 0.990256 1
162 0.009152 0.002746 0.009152 1.000000 0.300000 1.000000 -0.000000 -0.000000 0.000000 0.990848 1
163 0.009781 0.002934 0.009781 1.000000 0.300000 1.000000 -0.000000 -0.000000 0.000000 0.990219 1
164 0.009243 0.002773 0.009243 1.000000 0.300000 1.000000 -0.000000 -0.000000 0.000000 0.990757 1
165 0.009820 0.002946 0.009820 1.000000 0.300000 1.000000 -0.000000 -0.000000 0.000000 0.990180 1
166 0.009236 0.002771 0.009236 1.000000 0.300000 1.000000 -0.000000 -0.000000 0.000000 0.990764 1
167 0.009834 0.002950 0.009834 1.000000 0.300000 1.000000 -0.000000 -0.000000 0.000000 0.990166 1
168 0.009255 0.002776 0.009255 1.000000 0.300000 1.000000 -0.000000 -0.000000 0.000000 0.990745 1
169 0.009839 0.002952 0.009839 1.000000 0.300000 1.000000 -0.000000 -0.000000 0.000000 0.990161 1
170 0.009294 0.002788 0.009294 1.000000 0.300000 1.000000 -0.000000 -0.000000 0.000000 0.990706 1
171 0.009847 0.002954 0.009847 1.000000 0.300000 1.000000 -0.000000 -0.000000 0.000000 0.990153 1
172 0.009289 0.002787 0.009289 1.000000 0.300000 1.000000 -0.000000 -0.000000 0.000000 0.990711 1
173 0.009901 0.002970 0.009901 1.000000 0.300000 1.000000 -0.000000 -0.000000 0.000000 0.990099 1
174 0.009395 0.002818 0.009395 1.000000 0.300000 1.000000 -0.000000 -0.000000 0.000000 0.990605 1
175 0.009952 0.002986 0.009952 1.000000 0.300000 1.000000 -0.000000 -0.000000 0.000000 0.990048 1
176 0.009396 0.002819 0.009396 1.000000 0.300000 1.000000 -0.000000 -0.000000 0.000000 0.990604 1
177 0.009972 0.002992 0.009972 1.000000 0.300000 1.000000 -0.000000 -0.000000 0.000000 0.990028 1
178 0.009432 0.002830 0.009432 1.000000 0.300000 1.000000 -0.000000 -0.000000 0.000000 0.990568 1
179 0.009945 0.002983 0.009945 1.000000 0.300000 1.000000 -0.000000 -0.000000 0.000000 0.990055 1
180 0.009424 0.002827 0.009424 1.000000 0.300000 1.000000 -0.000000 -0.000000 0.000000 0.990576 1
181 0.010010 0.003003 0.010010 1.000000 0.300000 1.000000 -0.000000 -0.000000 0.000000 0.989990 1
182 0.009475 0.002842 0.009475 1.000000 0.300000 1.000000 -0.000000 -0.000000 0.000000 0.990525 1
183 0.010032 0.003010 0.010032 1.000000 0.300000 1.000000 -0.000000 -0.000000 0.000000 0.989968 1
184 0.009520 0.002856 0.009520 1.000000 0.300000 1.000000 -0.000000 -0.000000 0.000000 0.990480 1
185 0.010039 0.003012 0.010039 1.000000 0.300000 1.000000 -0.000000 -0.000000 0.000000 0.989961 1
186 0.009516 0.002855 0.009516 1.000000 0.300000 1.000000 -0.000000 -0.000000 0.000000 0.990484 1
187 0.010077 0.003023 0.010077 1.000000 0.300000 1.000000 -0.000000 -0.000000 0.000000 0.989923 1
188 0.009574 0.002872 0.009574 1.000000 0.300000 1.000000 -0.000000 -0.000000 0.000000 0.990426 1
189 0.010072 0.003022 0.010072 1.000000 0.300000 1.000000 -0.000000 -0.000000 0.000000 0.989928 1
190 0.009577 0.002873 0.009577 1.000000 0.300000 1.000000 -0.000000 -0.000000 0.000000 0.990423 1
191 0.010141 0.003042 0.010141 1.000000 0.300000 1.000000 -0.000000 -0.000000 0.000000 0.989859 1
192 0.009630 0.002889 0.009630 1.000000 0.300000 1.000000 -0.000000 -0.000000 0.000000 0.990370 1
193 0.010165 0.003049 0.010165 1.000000 0.300000 1.000000 -0.000000 -0.000000 0.000000 0.989835 1
194 0.009675 0.002902 0.009675 1.000000 0.300000 1.000000 -0.000000 -0.000000 0.000000 0.990325 1
195 0.010171 0.003051 0.010171 1.000000 0.300000 1.000000 -0.000000 -0.000000 0.000000 0.989829 1
196 0.009423 0.003112 0.010374 0.908301 0.300000 1.000000 -0.000000 -0.000000 0.000000 0.989626 1
197 0.009326 0.003816 0.012720 0.733117 0.300000 1.000000 -0.000000 -0.000000 0.000000 0.987280 1
198 0.008198 0.004291 0.014304 0.573120 0.300000 1.000000 -0.000000 -0.000000 0.000000 0.985696 1
199 0.007406 0.005600 0.018665 0.396770 0.300000 1.000000 -0.000000 -0.000000 0.000000 0.981335 1
200 0.005523 0.006947 -0.023157 0.238505 0.300000 -1.000000 -0.000000 -0.000000 0.000000 0.976843 1
201 0.001594 0.010964 -0.036548 0.043626 0.300000 -1.000000 -0.000000 -0.000000 0.000000 0.963452 1
202 -0.009648 0.018978 -0.063261 -0.152508 0.300000 -1.000000 -0.000000 -0.000000 0.000000 0.936739 1
203 -0.391698 0.300000 -1.000000 -0.391698 0.300000 -1.000000 -0.000000 -0.000000 0.000000 0.000000 1
204 -1.000000 0.300000 -1.000000 -1.000000 0.300000 -1.000000 -0.000000 -0.000000 0.000000 0.000000 1
205 -1.000000 0.300000 -1.000000 -1.000000 0.300000 -1.000000 -0.002912 -0.005773 0.000000 0.000000 1
206 -1.000000 0.300000 -1.000000 -1.000000 0.300000 -1.000000 -0.000000 -0.000000 0.000000 0.000000 1
207 -1.000000 0.300000 -1.000000 -1.000000 0.300000 -1.000000 -0.000000 -0.000000 0.000000 0.000000 1
208 -0.057743 0.017323 -0.057743 -1.000000 0.300000 -1.000000 -0.000000 -0.000000 0.000000 0.942257 1
209 0.006036 -0.049880 0.000000 -1.000000 0.300000 -1.000000 0.006036 -0.049880 0.000000 1.000000 0
