9 0.429222 0.009143 -0.051933
10 0.431872 0.009605 -0.051870
11 0.563675 0.072419 0.012248
12 0.594973 0.062679 0.004748
13 0.575676 0.088100 0.022315
14 0.516697 0.126317 0.034553
15 0.438606 0.161558 0.020827
16 0.353178 0.197846 0.050275
17 0.313607 0.206928 0.027522
18 0.265614 0.217384 0.027768
19 0.263462 0.213138 -0.001333
20 0.239543 0.214704 -0.002658
21 0.236441 0.211871 -0.011703
22 0.208010 0.213377 -0.001131
23 0.197147 0.210896 -0.007513
24 0.162713 0.211390 0.012760
25 0.150059 0.207246 0.000518
26 0.115407 0.204951 0.020548
27 0.102459 0.199339 0.004636
28 0.068966 0.194488 0.023652
29 0.053816 0.187917 0.006975
30 0.020195 0.181012 0.022523
31 0.000353 0.173831 0.004824
32 -0.035018 0.165769 0.016080
33 -0.060375 0.158959 -0.003986
34 -0.100061 0.150958 0.007164
35 -0.134598 0.146294 -0.013546
36 -0.182623 0.140652 -0.001590
37 -0.230904 0.142521 -0.023487
38 -0.291281 0.144132 -0.004450
39 -0.271623 0.154990 -0.026070
40 -0.255998 0.160162 -0.008214
41 -0.236292 0.167098 0.005914
42 -0.219988 0.171662 0.021515
43 -0.204595 0.175219 0.050219
44 -0.190503 0.179266 0.051521
45 -0.176830 0.182765 0.067765
46 -0.164804 0.185881 0.063789
47 -0.151820 0.189293 0.070160
48 -0.141461 0.191473 0.065497
49 -0.129774 0.194329 0.069701
50 -0.121213 0.195752 0.067617
51 -0.110450 0.198469 0.067861
52 -0.103309 0.199679 0.066103
53 -0.093463 0.202444 0.064304
54 -0.087729 0.203762 0.064775
55 -0.078770 0.206825 0.062379
56 -0.074298 0.208694 0.064499
57 -0.065937 0.212619 0.059858
58 -0.062573 0.215767 0.063569
59 -0.054857 0.221146 0.058533
60 -0.052700 0.226346 0.065782
61 -0.045505 0.234441 0.059931
62 -0.044586 0.243604 0.070389
63 -0.037840 0.256764 0.064546
64 -0.038852 0.273990 0.082013
65 -0.032811 0.298789 0.076909
66 -0.045150 0.300000 0.107781
67 -0.046642 0.300000 0.089391
68 -0.060195 0.300000 0.109667
69 -0.064286 0.300000 0.093483
70 -0.078499 0.300000 0.106139
71 -0.084154 0.300000 0.087068
72 -0.070364 0.300002 0.101216
73 -0.048579 0.299995 0.089690
74 -0.031045 0.299992 0.096856
75 -0.013484 0.299983 0.101664
76 -0.000326 0.299987 0.111530
77 0.015610 0.300070 0.107049
78 0.020019 0.297399 0.118318
79 0.024773 0.291890 0.108561
80 0.021532 0.286101 0.122167
81 0.026603 0.280866 0.104811
82 0.023412 0.275526 0.115538
83 0.028250 0.270602 0.097589
84 0.025062 0.265700 0.107922
85 0.029381 0.261145 0.091773
86 0.026001 0.256728 0.101884
87 0.030273 0.252496 0.084640
88 0.026796 0.248570 0.095270
89 0.030733 0.244691 0.079133
90 0.027336 0.241222 0.088275
91 0.031197 0.237700 0.071576
92 0.027799 0.234722 0.080471
93 0.031349 0.231638 0.065433
94 0.027912 0.229209 0.074480
95 0.031229 0.226598 0.060839
96 0.027632 0.224778 0.070941
97 0.030826 0.222714 0.057059
98 0.027300 0.221561 0.066095
99 0.030366 0.220158 0.052370
100 0.026829 0.219884 0.060921
101 0.029864 0.219275 0.048421
102 0.026140 0.220104 0.059398
103 0.029068 0.220548 0.047877
104 0.025348 0.222792 0.058680
105 0.028387 0.224803 0.047201
106 0.024372 0.229124 0.060418
107 0.027292 0.233463 0.050545
108 0.022876 0.241102 0.065875
109 0.025937 0.249316 0.056459
110 0.020759 0.262842 0.076148
111 0.023931 0.278134 0.067449
112 0.018015 0.300037 0.095985
113 0.030395 0.300012 0.087041
114 0.034783 0.300001 0.117802
115 0.048685 0.299993 0.103317
116 0.056180 0.299958 0.120896
117 0.068347 0.300002 0.112852
118 0.075467 0.300002 0.132140
119 0.088178 0.300001 0.119203
120 0.095496 0.300008 0.138745
121 0.109160 0.300001 0.119956
122 0.117014 0.299996 0.141096
123 0.131297 0.299995 0.120375
124 0.139961 0.299995 0.142937
125 0.155278 0.299998 0.120123
126 0.164774 0.300003 0.144079
127 0.182646 0.300016 0.113560
128 0.193748 0.300001 0.138790
129 0.213652 0.300001 0.108069
130 0.226996 0.299999 0.135477
131 0.251402 0.299997 0.099151
132 0.269137 0.300000 0.125647
133 0.301664 0.300035 0.081862
134 0.313281 0.280108 0.101071
135 0.222632 0.132949 0.040405
136 0.110766 0.008786 0.032810
137 -0.011611 -0.091029 -0.099053
138 -0.132495 -0.166986 -0.137620
139 -0.146511 -0.169297 -0.186155
140 -0.132520 -0.178685 -0.112039
141 -0.123107 -0.184310 -0.091564
142 -0.103489 -0.195633 -0.014891
143 -0.102684 -0.196782 -0.080910
144 -0.087450 -0.205956 -0.035868
145 -0.090321 -0.207884 -0.114889
146 -0.076044 -0.218090 -0.065490
147 -0.080413 -0.222793 -0.139797
148 -0.065716 -0.235636 -0.081943
149 -0.072320 -0.244928 -0.158946
150 -0.056573 -0.263216 -0.092066
151 -0.067778 -0.281655 -0.183609
152 -0.044306 -0.300000 -0.103501
153 -0.047059 -0.299980 -0.213864
154 -0.012644 -0.300008 -0.115440
155 -0.089096 -0.300000 -0.208517
156 -0.076130 -0.300007 -0.106329
157 -0.107738 -0.300005 -0.210212
158 -0.092251 -0.300012 -0.117456
159 -0.082071 -0.300035 -0.207379
160 -0.055529 -0.299975 -0.115846
161 -0.048085 -0.299994 -0.197142
162 -0.020551 -0.300004 -0.106317
163 -0.019504 -0.299994 -0.198700
164 0.007765 -0.299996 -0.109947
165 0.000657 -0.297755 -0.202517
166 0.019090 -0.292247 -0.110156
167 0.005453 -0.286736 -0.199166
168 0.022558 -0.281351 -0.106568
169 0.009216 -0.276528 -0.193372
170 0.025062 -0.271347 -0.103878
171 0.012516 -0.266997 -0.186266
172 0.026822 -0.262124 -0.103349
173 0.014316 -0.258356 -0.185792
174 0.027559 -0.253854 -0.105901
175 0.015686 -0.250566 -0.185465
176 0.028156 -0.246367 -0.107300
177 0.017085 -0.243543 -0.181236
178 0.028791 -0.239734 -0.106225
179 0.018108 -0.237399 -0.178346
180 0.028990 -0.233934 -0.107034
181 0.018582 -0.232080 -0.177084
182 0.028956 -0.229035 -0.107953
183 0.018869 -0.227682 -0.176117
184 0.029332 -0.224974 -0.103038
185 0.019821 -0.224164 -0.166119
186 0.030017 -0.221868 -0.093126
187 0.019931 -0.221748 -0.159848
188 0.030782 -0.219843 -0.081178
189 0.020415 -0.220483 -0.151334
190 0.031224 -0.219090 -0.073998
191 0.020494 -0.220644 -0.146867
192 0.030866 -0.220061 -0.073087
193 0.019600 -0.222764 -0.149689
194 0.030289 -0.223184 -0.074260
195 0.018907 -0.227440 -0.150700
196 0.029387 -0.229376 -0.078313
197 0.016943 -0.235816 -0.159447
198 0.028623 -0.239930 -0.080511
199 0.015103 -0.249941 -0.165801
200 0.027931 -0.257962 -0.083231
201 0.011535 -0.274854 -0.179961
202 0.026253 -0.290504 -0.090900
203 -0.000373 -0.299999 -0.203853
204 0.012361 -0.299994 -0.084125
205 -0.018483 -0.299998 -0.191697
206 -0.008881 -0.300000 -0.078540
207 -0.041688 -0.300002 -0.190913
208 0.089502 -0.299994 -0.079852
209 0.090055 -0.299998 -0.164571
