9 0.429222 0.009143 -0.051933
10 0.431872 0.009605 -0.051870
11 0.571752 0.089721 0.012248
12 0.627683 0.137596 0.006148
13 0.623532 0.220974 0.049494
14 0.563450 0.291620 0.073730
15 0.504721 0.300006 0.034417
16 0.407012 0.300002 0.048481
17 0.394066 0.300205 -0.055092
18 0.334089 0.300107 -0.076878
19 0.329228 0.300061 -0.125947
20 0.272146 0.300046 -0.111784
21 0.261119 0.300028 -0.128525
22 0.199079 0.300019 -0.099456
23 0.187455 0.300011 -0.110566
24 0.124886 0.300051 -0.076660
25 0.106911 0.289085 -0.089149
26 0.071615 0.276018 -0.059246
27 0.074512 0.259498 -0.069121
28 0.046972 0.244441 -0.047697
29 0.040626 0.229472 -0.046626
30 0.007480 0.214109 -0.020062
31 -0.007471 0.199694 -0.025678
32 -0.042437 0.184553 -0.008685
33 -0.062528 0.171769 -0.021673
34 -0.100038 0.158170 -0.008558
35 -0.130200 0.148805 -0.022539
36 -0.176467 0.139841 -0.009966
37 -0.222794 0.140044 -0.028007
38 -0.286124 0.143786 -0.010676
39 -0.355555 0.169499 -0.029832
40 -0.416532 0.197943 0.010815
41 -0.371362 0.235733 -0.006636
42 -0.336804 0.258640 0.044380
43 -0.292388 0.292705 0.065625
44 -0.237993 0.300007 0.119891
45 -0.181106 0.300005 0.162899
46 -0.134116 0.299998 0.162166
47 -0.097339 0.300000 0.155527
48 -0.066411 0.299896 0.135443
49 -0.041378 0.299915 0.128777
50 -0.020813 0.299945 0.119304
51 0.000069 0.299986 0.113551
52 -0.029295 0.299993 0.116552
53 -0.084304 0.300007 0.105927
54 -0.194810 0.300005 0.133545
55 -0.169168 0.300017 0.070990
56 -0.220949 0.300005 0.079195
57 -0.180127 0.300013 0.043341
58 -0.199074 0.300005 0.053774
59 -0.206396 0.300003 0.071315
60 -0.223946 0.300002 0.079024
61 -0.201094 0.300001 0.071830
62 -0.206276 0.299998 0.072961
63 -0.185295 0.299997 0.069600
64 -0.193447 0.299999 0.071629
65 -0.183001 0.299997 0.079133
66 -0.140956 0.299992 0.083525
67 -0.096432 0.299998 0.092192
68 -0.052948 0.300009 0.086422
69 -0.016043 0.300010 0.107186
70 0.017220 0.300015 0.111340
71 0.045377 0.300011 0.118911
72 0.064886 0.300004 0.128321
73 0.083820 0.299996 0.126661
74 0.088887 0.299988 0.146141
75 0.099643 0.299998 0.140543
76 0.095045 0.300003 0.162752
77 0.101097 0.299997 0.147553
78 0.091317 0.299920 0.165181
79 0.100262 0.299911 0.126449
80 0.088476 0.300001 0.144867
81 0.094506 0.300085 0.111567
82 0.079273 0.299994 0.135625
83 0.082429 0.299999 0.105672
84 0.065617 0.299912 0.130300
85 0.067219 0.299925 0.099129
86 0.049277 0.300030 0.123779
87 0.049241 0.299999 0.094952
88 0.030246 0.300000 0.119476
89 0.028478 0.300000 0.093579
90 0.008396 0.300000 0.118949
91 0.005242 0.300000 0.092836
92 -0.022238 0.300000 0.091342
93 -0.023480 0.300000 0.018179
94 -0.045692 0.300000 0.049447
95 -0.052086 0.300001 0.027065
96 -0.079011 0.300001 0.063078
97 -0.040538 0.300000 -0.372812
98 -0.086774 0.300000 -0.294010
99 -0.110090 0.300001 -0.341559
100 -0.156272 0.300000 -0.259312
101 0.343253 0.300001 -0.540361
102 0.433763 0.300040 -0.500769
103 0.325750 0.299996 -0.321841
104 0.189599 0.299999 -0.168986
105 0.253437 0.300077 -0.145021
106 0.279463 0.300062 -0.107419
107 0.396382 0.300107 -0.103122
108 0.480104 0.299999 -0.110286
109 0.513817 0.300072 -0.081079
110 0.510085 0.299999 -0.058834
111 0.564970 0.299999 -0.091135
112 0.544228 0.300004 -0.088791
113 0.597076 0.300004 -0.153893
114 0.543509 0.300001 -0.162916
115 0.518855 0.300000 -0.204948
116 0.411958 0.299988 -0.181021
117 0.346153 0.300005 -0.193541
118 0.269304 0.243200 -0.167294
119 0.243686 -0.041523 -0.179213
120 0.193576 -0.299999 -0.247203
121 0.110316 -0.299998 -0.360282
122 0.149263 -0.299998 -0.233556
123 0.102355 -0.300000 -0.286786
124 0.180432 -0.300007 -0.108660
125 0.114278 -0.300000 -0.184989
126 0.167015 -0.300028 -0.053469
127 0.120067 -0.297567 -0.170366
128 0.121710 -0.277886 -0.033794
129 0.059676 -0.268731 -0.148743
130 0.052630 -0.252062 -0.023178
131 -0.004227 -0.237204 -0.134819
132 -0.016153 -0.223828 -0.029903
133 -0.066359 -0.205368 -0.120659
134 -0.088449 -0.195464 -0.043460
135 -0.138675 -0.177471 -0.111154
136 -0.172909 -0.174238 -0.037762
137 -0.231504 -0.162078 -0.093213
138 -0.284811 -0.174279 -0.026835
139 -0.362851 -0.179529 -0.083773
140 -0.408326 -0.225256 -0.019046
141 -0.381314 -0.233492 -0.116922
142 -0.325957 -0.277885 -0.059066
143 -0.299337 -0.290158 -0.154258
144 -0.208493 -0.300002 -0.105043
145 -0.183989 -0.299997 -0.195180
146 -0.126895 -0.299996 -0.131303
147 -0.118825 -0.300001 -0.212238
148 -0.078317 -0.300002 -0.127701
149 -0.075839 -0.299997 -0.204531
150 -0.038435 -0.299999 -0.106756
151 -0.059799 -0.300000 -0.194531
152 -0.009890 -0.300018 -0.100419
153 -0.186618 -0.300014 -0.192690
154 -0.110109 -0.300041 -0.080697
155 -0.212565 -0.299976 -0.176623
156 -0.168974 -0.300039 -0.087136
157 -0.214588 -0.300000 -0.170530
158 -0.182595 -0.300035 -0.084960
159 -0.224298 -0.299985 -0.164969
160 -0.181129 -0.300031 -0.079950
161 -0.247856 -0.300010 -0.158685
162 -0.170991 -0.300019 -0.073631
163 -0.250171 -0.299997 -0.153979
164 -0.154690 -0.299996 -0.067666
165 -0.232098 -0.300017 -0.148895
166 -0.151739 -0.299977 -0.069473
167 -0.148928 -0.300008 -0.141737
168 -0.105081 -0.300005 -0.073208
169 -0.065030 -0.300022 -0.160158
170 -0.018059 -0.300017 -0.089240
171 0.006275 -0.300032 -0.175990
172 0.052035 -0.300024 -0.095713
173 0.055478 -0.300016 -0.193666
174 0.096097 -0.300035 -0.111954
175 0.085439 -0.299982 -0.204429
176 0.122851 -0.299999 -0.105627
177 0.101125 -0.299986 -0.200778
178 0.133708 -0.299994 -0.093143
179 0.104103 -0.300002 -0.194797
180 0.136642 -0.299997 -0.068854
181 0.102609 -0.299998 -0.176325
182 0.131775 -0.300009 -0.046451
183 0.094529 -0.300012 -0.162995
184 0.122920 -0.300001 -0.021504
185 0.084997 -0.299998 -0.140390
186 0.109449 -0.299994 -0.003565
187 0.069593 -0.300000 -0.133119
188 0.091226 -0.300005 0.004805
189 0.051959 -0.300000 -0.124919
190 0.070328 -0.299996 0.008719
191 0.031195 -0.300001 -0.120258
192 0.046742 -0.300003 0.009828
193 0.013465 -0.300000 -0.009171
194 0.025401 -0.300004 0.138128
195 -0.009589 -0.300000 0.046582
196 0.008251 -0.299999 0.190229
197 -0.047491 -0.300000 0.047158
198 -0.067783 -0.300000 0.026250
199 -0.110771 -0.300005 -0.097535
200 -0.102095 -0.300000 0.053762
201 -0.149653 -0.299990 -0.060881
202 0.458097 -0.299977 0.585880
203 0.540036 -0.299986 0.733343
204 0.568713 -0.299989 0.707085
205 0.593764 -0.299991 0.697315
206 0.595308 -0.299997 0.667463
207 1.000004 0.300001 1.000000
208 0.583752 0.299927 1.000000
209 0.513844 0.300011 1.000000
